0 0.10625 0.11328125 0.01328125 0.02890625
0 0.1546875 0.121875 0.01875 0.0796875
0 0.13828125 0.12890625 0.01953125 0.07265625
0 0.18671875 0.14140625 0.01953125 0.05625
0 0.46640625 0.165625 0.015625 0.059375
0 0.2015625 0.17265625 0.015625 0.0796875
0 0.453125 0.17734375 0.021875 0.0671875
0 0.184375 0.1796875 0.01953125 0.0765625
0 0.525 0.196875 0.01953125 0.0765625
0 0.50078125 0.196875 0.01875 0.0640625
0 0.38984375 0.24296875 0.015625 0.08515625
0 0.37421875 0.2453125 0.02109375 0.0890625
0 0.384375 0.3546875 0.03671875 0.06640625
0 0.58046875 0.3546875 0.03125 0.06875
0 0.5703125 0.36796875 0.03125 0.084375
0 0.709375 0.38203125 0.0234375 0.05390625
0 0.6921875 0.396875 0.02734375 0.0640625
0 0.51796875 0.43515625 0.053125 0.0640625
0 0.49609375 0.4578125 0.03984375 0.07734375
0 0.1 0.0515625 0.015625 0.0359375
0 0.51328125 0.57421875 0.04296875 0.07890625
0 0.23671875 0.58203125 0.0609375 0.06484375
0 0.37265625 0.58984375 0.040625 0.08984375
0 0.49921875 0.5984375 0.04375 0.0953125
0 0.6515625 0.60078125 0.04921875 0.0875
0 0.35859375 0.63125 0.05078125 0.07421875
0 0.22109375 0.64453125 0.0421875 0.12265625
0 0.69921875 0.0734375 0.0140625 0.04375
0 0.60703125 0.7765625 0.02890625 0.11875
0 0.653125 0.825 0.03125 0.08515625
0 0.71171875 0.08359375 0.0125 0.0546875
0 0.62421875 0.83125 0.03125 0.1234375
0 0.68828125 0.084375 0.015625 0.0609375
0 0.11953125 0.090625 0.01953125 0.06328125
0 0.15 0.0953125 0.0140625 0.04609375