0 0.10625 0.11328125 0.01328125 0.02890625
0 0.15546875 0.121875 0.01875 0.0796875
0 0.1390625 0.12890625 0.01953125 0.07265625
0 0.18671875 0.14140625 0.01953125 0.05625
0 0.46640625 0.16640625 0.015625 0.059375
0 0.2015625 0.171875 0.015625 0.0796875
0 0.45390625 0.17734375 0.021875 0.0671875
0 0.18515625 0.1796875 0.01953125 0.0765625
0 0.52421875 0.196875 0.01953125 0.0765625
0 0.50078125 0.19765625 0.01875 0.0640625
0 0.38984375 0.24296875 0.015625 0.08515625
0 0.37421875 0.2453125 0.02109375 0.08828125
0 0.38515625 0.3546875 0.03671875 0.06640625
0 0.5796875 0.35546875 0.03046875 0.06875
0 0.5703125 0.36796875 0.03046875 0.084375
0 0.70859375 0.38203125 0.0234375 0.05390625
0 0.6921875 0.39765625 0.02734375 0.0640625
0 0.51796875 0.43515625 0.05234375 0.0640625
0 0.496875 0.4578125 0.03984375 0.07734375
0 0.10078125 0.0515625 0.015625 0.0359375
0 0.51328125 0.5734375 0.04296875 0.07890625
0 0.23671875 0.58125 0.0609375 0.06484375
0 0.37265625 0.58984375 0.040625 0.08984375
0 0.49921875 0.5984375 0.04375 0.0953125
0 0.6515625 0.60078125 0.04921875 0.0875
0 0.35859375 0.63203125 0.05078125 0.07421875
0 0.221875 0.64453125 0.04140625 0.12265625
0 0.69921875 0.07421875 0.01328125 0.04375
0 0.60703125 0.7765625 0.02890625 0.11953125
0 0.653125 0.825 0.03046875 0.08515625
0 0.7125 0.08359375 0.0125 0.05546875
0 0.62421875 0.83125 0.03203125 0.1234375
0 0.68828125 0.084375 0.015625 0.06015625
0 0.11875 0.090625 0.01953125 0.06328125
0 0.15078125 0.09453125 0.01328125 0.04609375