0 0.45625 0.55390625 0.01328125 0.0390625
0 0.53671875 0.56328125 0.0125 0.03046875
0 0.55703125 0.459375 0.0171875 0.02890625
0 0.6390625 0.484375 0.01328125 0.0375
0 0.325 0.5265625 0.01953125 0.03359375
0 0.3078125 0.69609375 0.0234375 0.0421875
0 0.72109375 0.73046875 0.02265625 0.05546875
0 0.77265625 0.7421875 0.02890625 0.05078125
0 0.325 0.91875 0.04453125 0.078125
0 0.42109375 0.85390625 0.0234375 0.053125
0 0.48125 0.91484375 0.046875 0.06484375
0 0.64140625 0.76484375 0.02265625 0.04765625
0 0.8296875 0.87109375 0.02890625 0.0609375
0 0.13125 0.94765625 0.034375 0.07421875
0 0.04921875 0.9515625 0.03125 0.06328125
0 0.90703125 0.88046875 0.01953125 0.06953125
0 0.8640625 0.7125 0.02421875 0.05625
0 0.64375 0.68125 0.02265625 0.0625