0 0.5359375 0.75625 0.02421875 0.0359375
0 0.58984375 0.78359375 0.01953125 0.03984375
0 0.27109375 0.84921875 0.03828125 0.04375
0 0.6078125 0.903125 0.0265625 0.05
0 0.90859375 0.94375 0.04453125 0.0625
0 0.91640625 0.16484375 0.03828125 0.04921875
0 0.07421875 0.16953125 0.04765625 0.0453125
0 0.55859375 0.1921875 0.02734375 0.04765625
0 0.85703125 0.22890625 0.04140625 0.03984375
0 0.87578125 0.2484375 0.040625 0.03984375
0 0.5015625 0.24921875 0.02421875 0.03984375
0 0.14140625 0.25234375 0.0375 0.04375
0 0.92578125 0.25703125 0.03515625 0.04296875
0 0.64765625 0.2640625 0.0375 0.03671875
0 0.41328125 0.26484375 0.03125 0.034375
0 0.88125 0.28671875 0.0375 0.04453125
0 0.4375 0.28671875 0.03515625 0.034375
0 0.47421875 0.30625 0.02734375 0.04375
0 0.89609375 0.33671875 0.02734375 0.0375
0 0.42890625 0.3390625 0.034375 0.03671875
0 0.21640625 0.3390625 0.03125 0.03671875
0 0.865625 0.3390625 0.0421875 0.0328125
0 0.09453125 0.34375 0.03515625 0.03828125
0 0.6234375 0.34765625 0.0234375 0.03203125
0 0.5640625 0.35078125 0.03046875 0.0328125
0 0.9265625 0.35546875 0.03828125 0.03984375
0 0.11015625 0.37890625 0.01640625 0.0203125
0 0.62578125 0.3796875 0.03828125 0.04140625
0 0.25234375 0.38046875 0.0359375 0.03671875
0 0.82421875 0.38125 0.02890625 0.02890625
0 0.9234375 0.38359375 0.04296875 0.02734375
0 0.04921875 0.38671875 0.05078125 0.03984375
0 0.646875 0.4125 0.03515625 0.03359375
0 0.52421875 0.415625 0.01484375 0.025
0 0.44765625 0.4171875 0.03203125 0.04296875
0 0.49765625 0.421875 0.02890625 0.0328125
0 0.82265625 0.428125 0.03671875 0.02734375
0 0.94375 0.4296875 0.0234375 0.02734375
0 0.340625 0.43515625 0.03359375 0.03671875
0 0.91484375 0.43515625 0.03984375 0.04296875
0 0.59609375 0.43828125 0.03359375 0.03046875
0 0.86328125 0.446875 0.03359375 0.02890625
0 0.1671875 0.446875 0.03671875 0.0328125
0 0.96171875 0.45 0.046875 0.02890625
0 0.2390625 0.4640625 0.03828125 0.03203125
0 0.70859375 0.46484375 0.0359375 0.03359375
0 0.60234375 0.46640625 0.028125 0.03046875
0 0.37109375 0.4703125 0.02890625 0.02734375
0 0.16796875 0.48046875 0.03984375 0.0375
0 0.87890625 0.484375 0.034375 0.0328125
0 0.95546875 0.48515625 0.03984375 0.03046875
0 0.734375 0.496875 0.03125 0.02890625
0 0.903125 0.503125 0.03671875 0.03359375
0 0.70703125 0.5046875 0.03125 0.04296875
0 0.58125 0.5078125 0.02890625 0.0359375
0 0.96875 0.509375 0.025 0.025
0 0.8328125 0.5109375 0.0359375 0.03046875
0 0.63125 0.5125 0.02265625 0.03828125
0 0.1109375 0.51484375 0.03671875 0.0359375
0 0.30234375 0.51796875 0.03203125 0.02890625
0 0.94375 0.52421875 0.04296875 0.03125
0 0.67578125 0.52578125 0.025 0.025
0 0.34140625 0.528125 0.02890625 0.0359375
0 0.73046875 0.5359375 0.0359375 0.02890625
0 0.9015625 0.5375 0.03828125 0.03515625
0 0.98359375 0.53984375 0.03203125 0.03046875
0 0.615625 0.55234375 0.03203125 0.034375
0 0.6796875 0.55390625 0.02421875 0.0328125
0 0.57109375 0.55625 0.02265625 0.03359375
0 0.64375 0.5640625 0.03125 0.03046875
0 0.72734375 0.56875 0.034375 0.0375
0 0.4171875 0.57109375 0.03046875 0.03828125
0 0.1515625 0.5796875 0.04296875 0.0359375
0 0.9015625 0.58203125 0.0390625 0.03515625
0 0.69921875 0.584375 0.02578125 0.0359375
0 0.9890625 0.58671875 0.0203125 0.034375
0 0.93125 0.5875 0.04140625 0.0359375
0 0.96953125 0.58828125 0.03671875 0.03125
0 0.66328125 0.590625 0.02265625 0.02734375
0 0.74453125 0.60078125 0.02890625 0.03125
0 0.1796875 0.60234375 0.0328125 0.0375
0 0.45 0.61015625 0.03125 0.03671875
0 0.91015625 0.61171875 0.0375 0.03671875
0 0.66640625 0.6125 0.02890625 0.03359375
0 0.56171875 0.61640625 0.02109375 0.04296875
0 0.87421875 0.6203125 0.03359375 0.02890625
0 0.9390625 0.62890625 0.03359375 0.0375
0 0.1890625 0.6296875 0.0328125 0.0359375
0 0.66171875 0.6390625 0.028125 0.03046875
0 0.44609375 0.64140625 0.03125 0.03125
0 0.54453125 0.64609375 0.0265625 0.034375
0 0.91171875 0.64765625 0.03828125 0.0375
0 0.8671875 0.65 0.03984375 0.03125
0 0.78671875 0.65234375 0.03203125 0.034375
0 0.01015625 0.66796875 0.0203125 0.0140625
0 0.4375 0.67421875 0.0296875 0.03984375
0 0.65703125 0.6765625 0.0328125 0.0328125
0 0.91015625 0.6890625 0.03671875 0.0390625
0 0.18515625 0.696875 0.03359375 0.0328125
0 0.1265625 0.70703125 0.03828125 0.0328125
0 0.30546875 0.71953125 0.02734375 0.03671875