0 0.515625 0.07421875 0.01796875 0.1046875
0 0.9265625 0.759375 0.04453125 0.1421875
0 0.5703125 0.759375 0.0234375 0.13671875
0 0.97578125 0.0765625 0.01796875 0.08828125
0 0.528125 0.765625 0.02578125 0.13359375
0 0.609375 0.7796875 0.0234375 0.14296875
0 0.88671875 0.78359375 0.03828125 0.13046875
0 0.1484375 0.0796875 0.0171875 0.096875
0 0.93046875 0.08046875 0.02734375 0.09765625
0 0.596875 0.0796875 0.02265625 0.08671875
0 0.00859375 0.07890625 0.0171875 0.0890625
0 0.20859375 0.08046875 0.02109375 0.10078125
0 0.45 0.00859375 0.01796875 0.01640625
0 0.99609375 0.08359375 0.00703125 0.084375
0 0.00703125 0.846875 0.0140625 0.109375
0 0.5109375 0.0875 0.01796875 0.09765625
0 0.27265625 0.87265625 0.02421875 0.15
0 0.89453125 0.87578125 0.03671875 0.15859375
0 0.3328125 0.884375 0.02734375 0.14609375
0 0.0375 0.89140625 0.03515625 0.14609375
0 0.59375 0.89765625 0.0375 0.16171875
0 0.74609375 0.9015625 0.03359375 0.1421875
0 0.51796875 0.91015625 0.01796875 0.14140625
0 0.36328125 0.91328125 0.028125 0.14921875
0 0.7921875 0.921875 0.0359375 0.15546875
0 0.03203125 0.09296875 0.01796875 0.05078125
0 0.50703125 0.92734375 0.03203125 0.14453125
0 0.11015625 0.9296875 0.03984375 0.140625
0 0.3234375 0.93125 0.03203125 0.1359375
0 0.95234375 0.93359375 0.04140625 0.13203125
0 0.1578125 0.0953125 0.02421875 0.09453125
0 0.85078125 0.01015625 0.01640625 0.01953125
0 0.54375 0.9546875 0.03984375 0.090625
0 0.4734375 0.95546875 0.03984375 0.08828125
0 0.41171875 0.96171875 0.02578125 0.07578125
0 0.0046875 0.9640625 0.009375 0.071875
0 0.36875 0.09921875 0.01484375 0.034375
0 0.71875 0.1 0.01015625 0.0140625
0 0.31015625 0.10078125 0.01640625 0.0953125
0 0.4125 0.01015625 0.01640625 0.0203125
0 0.3484375 0.01015625 0.009375 0.0203125
0 0.97578125 0.103125 0.0265625 0.09296875
0 0.04296875 0.10546875 0.01796875 0.09453125
0 0.628125 0.10703125 0.01953125 0.09765625
0 0.59609375 0.109375 0.01953125 0.06640625
0 0.53203125 0.0109375 0.015625 0.021875
0 0.29609375 0.0109375 0.01171875 0.021875
0 0.4609375 0.1109375 0.01640625 0.0890625
0 0.60703125 0.01171875 0.0125 0.02265625
0 0.23046875 0.1203125 0.01953125 0.08515625
0 0.5015625 0.0125 0.0125 0.025
0 0.31640625 0.0125 0.0203125 0.025
0 0.77890625 0.13046875 0.01640625 0.09375
0 0.3421875 0.13125 0.01953125 0.08671875
0 0.0921875 0.13515625 0.0234375 0.0890625
0 0.69375 0.0140625 0.01875 0.02734375
0 0.990625 0.0140625 0.01875 0.028125
0 0.02421875 0.13984375 0.01484375 0.10078125
0 0.35625 0.14140625 0.01875 0.10390625
0 0.51484375 0.1453125 0.01953125 0.04609375
0 0.55859375 0.01484375 0.01171875 0.02890625
0 0.71640625 0.14765625 0.01640625 0.0890625
0 0.5515625 0.15234375 0.0234375 0.09765625
0 0.03828125 0.1546875 0.01875 0.09921875
0 0.13671875 0.15859375 0.021875 0.09921875
0 0.36875 0.16015625 0.01953125 0.09296875
0 0.71484375 0.01640625 0.0109375 0.0328125
0 0.79296875 0.01640625 0.01953125 0.0328125
0 0.509375 0.16171875 0.02109375 0.06484375
0 0.43984375 0.1625 0.01796875 0.09453125
0 0.39765625 0.16640625 0.02578125 0.09765625
0 0.0640625 0.0171875 0.01640625 0.034375
0 0.978125 0.16796875 0.01484375 0.10546875
0 0.75 0.171875 0.0140625 0.06640625
0 0.60078125 0.1796875 0.01796875 0.103125
0 0.65859375 0.18125 0.01875 0.09921875
0 0.6 0.18203125 0.02265625 0.09765625
0 0.62890625 0.18515625 0.01953125 0.09296875
0 0.70390625 0.1890625 0.02421875 0.10859375
0 0.07890625 0.19375 0.01796875 0.09609375
0 0.2265625 0.19375 0.01796875 0.09375
0 0.9890625 0.1953125 0.0203125 0.10703125
0 0.584375 0.196875 0.01484375 0.10390625
0 0.59921875 0.0203125 0.01015625 0.03984375
0 0.50234375 0.1984375 0.01875 0.10546875
0 0.53046875 0.19921875 0.02734375 0.10859375
0 0.68828125 0.20234375 0.01953125 0.10078125
0 0.1078125 0.02109375 0.00859375 0.04140625
0 0.8875 0.20625 0.01484375 0.09765625
0 0.14140625 0.20625 0.01640625 0.09453125
0 0.9375 0.20859375 0.01953125 0.1046875
0 0.9109375 0.02109375 0.015625 0.0421875
0 0.18125 0.02109375 0.00625 0.0421875
0 0.77421875 0.21484375 0.02734375 0.10703125
0 0.87734375 0.22421875 0.02578125 0.10703125
0 0.09375 0.02265625 0.0125 0.0453125
0 0.99453125 0.22734375 0.01015625 0.05546875
0 0.74140625 0.2296875 0.02890625 0.1078125
0 0.525 0.23125 0.02734375 0.10625
0 0.90390625 0.23984375 0.0203125 0.10859375
0 0.41640625 0.240625 0.028125 0.1046875
0 0.83046875 0.246875 0.01796875 0.09765625
0 0.74609375 0.25390625 0.02109375 0.10546875
0 0.23125 0.25625 0.01875 0.10859375
0 0.59609375 0.2609375 0.01796875 0.10078125
0 0.3578125 0.02734375 0.01796875 0.05390625
0 0.5078125 0.02734375 0.01875 0.0546875
0 0.18828125 0.028125 0.01171875 0.05625
0 0.26953125 0.27890625 0.02421875 0.1078125
0 0.5546875 0.2796875 0.02265625 0.1015625
0 0.33828125 0.28046875 0.028125 0.10703125
0 0.425 0.28125 0.0140625 0.09765625
0 0.3640625 0.290625 0.01640625 0.1015625
0 0.48125 0.0296875 0.01875 0.059375
0 0.41875 0.30234375 0.02109375 0.09765625
0 0.48046875 0.3140625 0.0234375 0.115625
0 0.1015625 0.3203125 0.0265625 0.11015625
0 0.79296875 0.33046875 0.021875 0.11171875
0 0.82578125 0.3375 0.02109375 0.10234375
0 0.134375 0.340625 0.03125 0.10703125
0 0.7234375 0.3421875 0.0265625 0.11171875
0 0.91640625 0.34765625 0.02421875 0.06171875
0 0.75390625 0.35078125 0.02265625 0.11015625
0 0.85546875 0.3546875 0.01953125 0.1203125
0 0.32734375 0.3609375 0.01953125 0.11640625
0 0.28046875 0.36171875 0.01953125 0.103125
0 0.2390625 0.365625 0.01953125 0.12109375
0 0.76640625 0.37109375 0.02265625 0.11875
0 0.11953125 0.3703125 0.02578125 0.10703125
0 0.234375 0.0375 0.01484375 0.07421875
0 0.3703125 0.0375 0.01328125 0.07421875
0 0.0828125 0.37578125 0.0234375 0.10546875
0 0.603125 0.37734375 0.01796875 0.1171875
0 0.21171875 0.3796875 0.01796875 0.1078125
0 0.2625 0.384375 0.03515625 0.11875
0 0.44453125 0.384375 0.02578125 0.10625
0 0.88203125 0.38828125 0.02265625 0.11796875
0 0.1 0.390625 0.02421875 0.12109375
0 0.5046875 0.39296875 0.02734375 0.125
0 0.13671875 0.03984375 0.01796875 0.0796875
0 0.44375 0.409375 0.02265625 0.11015625
0 0.9046875 0.409375 0.02421875 0.10859375
0 0.9640625 0.409375 0.02421875 0.125
0 0.00703125 0.04140625 0.01328125 0.08203125
0 0.8359375 0.4125 0.02265625 0.12265625
0 0.92578125 0.41953125 0.03046875 0.11640625
0 0.4140625 0.4203125 0.02890625 0.11015625
0 0.0703125 0.421875 0.01953125 0.12265625
0 0.86875 0.421875 0.02421875 0.12109375
0 0.009375 0.42265625 0.01875 0.12265625
0 0.990625 0.42421875 0.01875 0.11328125
0 0.53515625 0.428125 0.02109375 0.11171875
0 0.20078125 0.4328125 0.01875 0.1140625
0 0.59140625 0.43671875 0.01796875 0.11015625
0 0.3109375 0.453125 0.0296875 0.06796875
0 0.0765625 0.0453125 0.02109375 0.090625
0 0.9015625 0.04609375 0.01796875 0.09140625
0 0.1203125 0.04609375 0.02265625 0.09140625
0 0.34921875 0.45859375 0.02578125 0.11875
0 0.08359375 0.4640625 0.021875 0.1046875
0 0.7734375 0.465625 0.03359375 0.1203125
0 0.6703125 0.04765625 0.01796875 0.09140625
0 0.2296875 0.04765625 0.02265625 0.0890625
0 0.03125 0.4765625 0.03515625 0.12109375
0 0.371875 0.48046875 0.02890625 0.128125
0 0.12890625 0.48828125 0.02890625 0.1140625
0 0.3546875 0.5 0.02109375 0.1296875
0 0.64140625 0.50390625 0.02578125 0.11171875
0 0.234375 0.5046875 0.02421875 0.11953125
0 0.54453125 0.50625 0.02734375 0.11640625
0 0.5828125 0.51171875 0.0265625 0.12421875
0 0.25234375 0.525 0.02109375 0.13359375
0 0.32109375 0.52734375 0.03359375 0.12109375
0 0.04296875 0.5375 0.02109375 0.12265625
0 0.2171875 0.540625 0.0265625 0.11484375
0 0.61484375 0.55078125 0.02421875 0.11875
0 0.39296875 0.55234375 0.02109375 0.13359375
0 0.0828125 0.55390625 0.03203125 0.12265625
0 0.53203125 0.05625 0.03046875 0.09765625
0 0.653125 0.05625 0.0171875 0.09765625
0 0.02265625 0.05625 0.01953125 0.0890625
0 0.67265625 0.5703125 0.02265625 0.08203125
0 0.62421875 0.57265625 0.02421875 0.11015625
0 0.19453125 0.58671875 0.03359375 0.128125
0 0.98046875 0.596875 0.01953125 0.13515625
0 0.23828125 0.60859375 0.01953125 0.12734375
0 0.7484375 0.06171875 0.021875 0.090625
0 0.70703125 0.62578125 0.02421875 0.09609375
0 0.76171875 0.62890625 0.0296875 0.12265625
0 0.66484375 0.634375 0.03203125 0.12109375
0 0.44296875 0.64609375 0.0296875 0.13984375
0 0.1328125 0.6484375 0.040625 0.140625
0 0.68359375 0.06640625 0.01640625 0.090625
0 0.82109375 0.06640625 0.02421875 0.09140625
0 0.54296875 0.0671875 0.021875 0.09765625
0 0.09453125 0.671875 0.02890625 0.14296875
0 0.89375 0.67578125 0.0265625 0.13671875
0 0.56953125 0.06875 0.02421875 0.09609375
0 0.390625 0.690625 0.03828125 0.13671875
0 0.440625 0.69453125 0.02734375 0.140625
0 0.325 0.69609375 0.03515625 0.13515625
0 0.69453125 0.69765625 0.02734375 0.12265625
0 0.909375 0.7 0.0265625 0.1296875
0 0.06484375 0.07109375 0.01640625 0.08515625
0 0.14296875 0.703125 0.0359375 0.1375
0 0.95078125 0.71875 0.02578125 0.1375