0 0.9875 0.7359375 0.025 0.0796875
0 0.9609375 0.07421875 0.01953125 0.07109375
0 0.4765625 0.753125 0.01796875 0.03984375
0 0.45078125 0.75625 0.03203125 0.0375
0 0.45703125 0.76953125 0.03515625 0.034375
0 0.47109375 0.78203125 0.0359375 0.0375
0 0.53515625 0.7875 0.02734375 0.03359375
0 0.01796875 0.0828125 0.03515625 0.07734375
0 0.30078125 0.0859375 0.028125 0.0703125
0 0.11171875 0.11484375 0.034375 0.06484375
0 0.1046875 0.13359375 0.03515625 0.06640625
0 0.08671875 0.015625 0.02890625 0.03125
0 0.14921875 0.209375 0.02421875 0.05546875
0 0.3375 0.234375 0.03125 0.06484375
0 0.09765625 0.23828125 0.0375 0.06953125
0 0.31640625 0.26796875 0.03359375 0.06484375
0 0.59296875 0.2984375 0.02734375 0.07734375
0 0.025 0.03046875 0.02109375 0.06015625
0 0.6453125 0.3125 0.01953125 0.06640625
0 0.5734375 0.315625 0.0234375 0.06796875
0 0.49296875 0.33359375 0.02578125 0.07421875
0 0.48828125 0.36328125 0.01953125 0.06640625
0 0.540625 0.36328125 0.02734375 0.06484375
0 0.53125 0.384375 0.025 0.0734375
0 0.175 0.41953125 0.03125 0.07265625
0 0.80625 0.44140625 0.025 0.0625
0 0.1359375 0.04609375 0.03359375 0.07109375
0 0.953125 0.046875 0.02265625 0.06796875
0 0.13359375 0.46328125 0.02734375 0.04921875
0 0.78046875 0.46328125 0.021875 0.06328125
0 0.146875 0.49765625 0.03828125 0.06640625
0 0.55546875 0.50546875 0.01875 0.03203125
0 0.12734375 0.50625 0.02734375 0.06875
0 0.5265625 0.5078125 0.02421875 0.07265625
0 0.5796875 0.5109375 0.02890625 0.05703125
0 0.046875 0.51171875 0.0328125 0.0796875
0 0.5 0.51171875 0.0359375 0.084375
0 0.1015625 0.05234375 0.0328125 0.06796875
0 0.06328125 0.52265625 0.03515625 0.084375
0 0.5984375 0.53515625 0.02578125 0.05390625
0 0.43515625 0.56328125 0.040625 0.06484375
0 0.24453125 0.57109375 0.03515625 0.07421875
0 0.03515625 0.57734375 0.034375 0.0796875
0 0.35234375 0.58203125 0.03515625 0.08515625
0 0.01328125 0.5828125 0.02578125 0.07421875
0 0.0328125 0.0609375 0.02734375 0.06328125
0 0.3390625 0.603125 0.03359375 0.0828125
0 0.4171875 0.6046875 0.04296875 0.06328125
0 0.87890625 0.628125 0.02890625 0.0734375
0 0.7515625 0.64296875 0.01953125 0.06484375
0 0.86875 0.65078125 0.02734375 0.07421875
0 0.73125 0.6609375 0.02734375 0.06953125
0 0.40625 0.6703125 0.04140625 0.0359375
0 0.31953125 0.07109375 0.02265625 0.07421875
0 0.41640625 0.70703125 0.053125 0.046875