0 0.3796875 0.28046875 0.03125 0.08359375
0 0.4859375 0.1765625 0.02734375 0.11015625
0 0.52734375 0.178125 0.028125 0.09375
0 0.70078125 0.1859375 0.02578125 0.0953125
0 0.8453125 0.12109375 0.02734375 0.07734375
0 0.2859375 0.4984375 0.02890625 0.08828125
0 0.13984375 0.68515625 0.03671875 0.07578125
0 0.30078125 0.33984375 0.03046875 0.0921875
0 0.27578125 0.80234375 0.03359375 0.08828125
0 0.9296875 0.3828125 0.034375 0.0921875
0 0.4359375 0.3609375 0.03125 0.08984375
0 0.290625 0.90078125 0.03671875 0.08515625
0 0.4375 0.92265625 0.02578125 0.0796875
0 0.77578125 0.2375 0.03359375 0.084375
0 0.6671875 0.29375 0.0296875 0.0859375
0 0.49609375 0.09140625 0.0375 0.10390625