0 0.49765625 0.16953125 0.04375 0.11328125
0 0.221875 0.2421875 0.06796875 0.084375
0 0.278125 0.32578125 0.04375 0.07109375
0 0.346875 0.42578125 0.0609375 0.1
0 0.50234375 0.78671875 0.05703125 0.0796875
0 0.70234375 0.88828125 0.05234375 0.09921875
0 0.2625 0.93671875 0.0921875 0.09375
0 0.18125 0.76640625 0.07265625 0.11171875
0 0.2609375 0.77109375 0.06484375 0.0921875
0 0.11640625 0.5890625 0.0875 0.09140625
0 0.08203125 0.17734375 0.05703125 0.084375
0 0.175 0.32265625 0.0828125 0.07734375
0 0.17890625 0.41796875 0.0890625 0.0765625
0 0.22890625 0.60625 0.07265625 0.06171875
0 0.77578125 0.23515625 0.07890625 0.09296875
0 0.77890625 0.3375 0.0671875 0.090625
0 0.87109375 0.37578125 0.06875 0.08203125
0 0.82109375 0.4875 0.06796875 0.10078125
0 0.73125 0.65546875 0.0609375 0.08203125
0 0.8078125 0.78359375 0.08203125 0.11328125
0 0.809375 0.6453125 0.06328125 0.078125
0 0.9484375 0.2078125 0.05390625 0.0796875
0 0.075 0.39453125 0.0796875 0.078125
0 0.94375 0.51328125 0.07890625 0.0828125