0 0.5109375 0.29453125 0.04375 0.14296875
0 0.7203125 0.49453125 0.046875 0.11796875
0 0.6265625 0.55859375 0.0453125 0.1203125
0 0.459375 0.46328125 0.05234375 0.11953125
0 0.39375 0.27890625 0.0515625 0.13203125
0 0.29921875 0.171875 0.053125 0.1359375
0 0.14453125 0.2765625 0.06953125 0.1359375
0 0.26875 0.4390625 0.04140625 0.1
0 0.29296875 0.91484375 0.06484375 0.08828125
0 0.84765625 0.3375 0.05078125 0.09921875
0 0.9546875 0.8203125 0.04375 0.1140625
0 0.5859375 0.89609375 0.0578125 0.115625
0 0.55703125 0.678125 0.05 0.1296875
0 0.096875 0.54921875 0.04921875 0.13515625
0 0.1921875 0.5890625 0.04140625 0.13359375
0 0.8015625 0.52734375 0.04296875 0.1109375
0 0.57578125 0.54453125 0.04921875 0.125