0 0.0875 0.10703125 0.1109375 0.146875
0 0.24140625 0.18828125 0.16640625 0.16015625
0 0.59609375 0.24296875 0.1265625 0.13515625
0 0.871875 0.2171875 0.134375 0.14609375
0 0.4828125 0.40078125 0.12265625 0.15703125
0 0.26796875 0.4734375 0.14140625 0.1421875
0 0.93359375 0.46171875 0.1328125 0.1765625
0 0.4296875 0.61171875 0.17890625 0.1640625
0 0.76953125 0.70703125 0.1234375 0.12578125
0 0.1546875 0.69609375 0.14140625 0.14921875
0 0.27578125 0.74375 0.14765625 0.1390625
0 0.56953125 0.88125 0.1640625 0.1625
0 0.73359375 0.90546875 0.15078125 0.17734375
0 0.42265625 0.85234375 0.13203125 0.16328125
0 0.4609375 0.80078125 0.08828125 0.103125
0 0.63203125 0.20078125 0.09921875 0.13046875