0 0.378125 0.43359375 0.034375 0.0921875
0 0.26328125 0.46484375 0.04140625 0.09296875
0 0.42109375 0.30390625 0.025 0.09453125
0 0.553125 0.109375 0.028125 0.090625
0 0.47109375 0.11953125 0.0453125 0.0890625
0 0.34453125 0.2234375 0.0296875 0.09921875
0 0.64921875 0.08828125 0.034375 0.1046875
0 0.48203125 0.4265625 0.02578125 0.0875
0 0.571875 0.35078125 0.02890625 0.10078125
0 0.4015625 0.5359375 0.03046875 0.10390625
0 0.234375 0.51484375 0.03203125 0.0828125
0 0.38671875 0.68203125 0.0390625 0.1109375
0 0.48125 0.58984375 0.03125 0.1
0 0.43125 0.9140625 0.03203125 0.0796875
0 0.31640625 0.91953125 0.03828125 0.09609375
0 0.26640625 0.825 0.0390625 0.09296875
0 0.68828125 0.83828125 0.034375 0.10078125
0 0.5453125 0.82109375 0.03359375 0.0953125
0 0.5 0.8484375 0.04296875 0.09453125
0 0.5953125 0.77265625 0.0359375 0.1171875
0 0.59140625 0.8828125 0.0421875 0.09453125
0 0.53671875 0.6640625 0.0234375 0.07421875
0 0.7375 0.20390625 0.0234375 0.09140625
0 0.7921875 0.08671875 0.0296875 0.0859375
0 0.321875 0.05859375 0.0296875 0.090625
0 0.30390625 0.16328125 0.03671875 0.08828125
0 0.2578125 0.22421875 0.028125 0.1015625
0 0.8421875 0.07265625 0.0296875 0.08359375
0 0.8859375 0.0859375 0.0234375 0.0921875
0 0.7359375 0.346875 0.040625 0.0890625
0 0.88515625 0.33125 0.03515625 0.09921875
0 0.728125 0.4828125 0.02734375 0.0796875
0 0.64296875 0.44921875 0.0328125 0.09296875
0 0.83125 0.85703125 0.05 0.09921875
0 0.91953125 0.5578125 0.0390625 0.09921875
0 0.80859375 0.50390625 0.03671875 0.09609375
0 0.64140625 0.84140625 0.040625 0.09765625
0 0.78203125 0.94453125 0.05546875 0.0953125
0 0.9328125 0.74140625 0.02578125 0.0890625
0 0.60390625 0.584375 0.03359375 0.08203125
0 0.54765625 0.48984375 0.03125 0.10546875