0 0.5875 0.07734375 0.05234375 0.1546875
0 0.59375 0.3171875 0.05 0.1796875
0 0.63046875 0.40078125 0.04375 0.13828125
0 0.81171875 0.06640625 0.0546875 0.12734375
0 0.60078125 0.60390625 0.0375 0.134375
0 0.65390625 0.55 0.0484375 0.159375
0 0.8109375 0.24921875 0.05078125 0.16875
0 0.6859375 0.796875 0.0703125 0.1484375
0 0.8390625 0.48203125 0.0828125 0.18515625
0 0.759375 0.18359375 0.03984375 0.18671875
0 0.76328125 0.34296875 0.046875 0.1109375
0 0.6859375 0.28828125 0.046875 0.159375
0 0.7171875 0.29765625 0.0453125 0.1484375
0 0.721875 0.58359375 0.0640625 0.15546875