0 0.309375 0.221875 0.065625 0.09453125
0 0.66796875 0.065625 0.05078125 0.08515625
0 0.55859375 0.09375 0.078125 0.08046875
0 0.5578125 0.18046875 0.05703125 0.078125
0 0.434375 0.06484375 0.0421875 0.0796875
0 0.9296875 0.22265625 0.08984375 0.0921875
0 0.215625 0.39296875 0.0828125 0.08515625
0 0.3015625 0.5 0.0578125 0.078125
0 0.41640625 0.42734375 0.071875 0.0796875
0 0.38125 0.5484375 0.06328125 0.0859375
0 0.48125 0.61796875 0.0484375 0.09375
0 0.3171875 0.8078125 0.08828125 0.0921875
0 0.6015625 0.74921875 0.0453125 0.11015625
0 0.1171875 0.175 0.04453125 0.0921875
0 0.79296875 0.2796875 0.0578125 0.07265625
0 0.91015625 0.6421875 0.06171875 0.08828125
0 0.38828125 0.253125 0.0640625 0.0671875
0 0.1890625 0.5140625 0.06640625 0.07890625
0 0.1296875 0.6703125 0.1015625 0.075
0 0.11796875 0.475 0.0859375 0.0984375