0 0.24140625 0.575 0.05546875 0.04375
0 0.828125 0.60390625 0.0453125 0.04609375
0 0.7609375 0.603125 0.0546875 0.04140625
0 0.82421875 0.19609375 0.06875 0.06328125
0 0.55546875 0.08359375 0.05390625 0.053125
0 0.5015625 0.0984375 0.06171875 0.05
0 0.19921875 0.125 0.0578125 0.0453125
0 0.1484375 0.065625 0.05859375 0.0484375
0 0.41953125 0.16484375 0.05390625 0.06015625
0 0.653125 0.25234375 0.0484375 0.04765625
0 0.21171875 0.53203125 0.0515625 0.04609375
0 0.51328125 0.8015625 0.06640625 0.04453125
0 0.246875 0.978125 0.065625 0.03515625
0 0.1078125 0.834375 0.0796875 0.03359375
0 0.1953125 0.71796875 0.03828125 0.0375
0 0.81875 0.8359375 0.0578125 0.03984375
0 0.9421875 0.73125 0.0703125 0.040625
0 0.7859375 0.50703125 0.05703125 0.04609375
0 0.6390625 0.41796875 0.05625 0.0515625
0 0.9265625 0.2578125 0.07421875 0.059375
0 0.21171875 0.26953125 0.05625 0.05625
0 0.24375 0.0265625 0.04921875 0.04609375
0 0.49609375 0.309375 0.0625 0.05078125
0 0.5875 0.2546875 0.06171875 0.0625