0 0.07890625 0.38515625 0.08125 0.2015625
0 0.2984375 0.2046875 0.08125 0.1953125
0 0.8609375 0.62734375 0.11015625 0.22109375
0 0.60625 0.57890625 0.07734375 0.165625
0 0.4921875 0.31015625 0.09375 0.1921875
0 0.54921875 0.24375 0.0734375 0.296875
0 0.45390625 0.49453125 0.08125 0.20625
0 0.3046875 0.4375 0.090625 0.240625
0 0.37421875 0.31484375 0.10078125 0.19296875
0 0.20859375 0.74921875 0.0859375 0.15546875
0 0.51953125 0.603125 0.07421875 0.19296875
0 0.38125 0.66875 0.0625 0.17109375
0 0.48203125 0.80390625 0.0546875 0.15078125
0 0.853125 0.390625 0.06640625 0.20390625
0 0.934375 0.16796875 0.084375 0.21640625
0 0.7296875 0.384375 0.078125 0.2046875
0 0.6734375 0.7875 0.09375 0.1796875
0 0.109375 0.78359375 0.109375 0.27421875
0 0.459375 0.10703125 0.065625 0.17109375