0 0.1796875 0.3984375 0.05 0.1265625
0 0.3578125 0.22890625 0.04140625 0.15703125
0 0.23203125 0.1640625 0.05703125 0.1421875
0 0.7828125 0.48359375 0.02734375 0.13359375
0 0.853125 0.5390625 0.02890625 0.1453125
0 0.58984375 0.52734375 0.04140625 0.15078125
0 0.68046875 0.59140625 0.04296875 0.1640625
0 0.746875 0.69765625 0.040625 0.15
0 0.8953125 0.80390625 0.04140625 0.1578125
0 0.95859375 0.8421875 0.04296875 0.17265625
0 0.25625 0.471875 0.04765625 0.13828125
0 0.45234375 0.265625 0.04140625 0.1359375