0 0.40234375 0.465625 0.078125 0.21796875
0 0.334375 0.134375 0.0625 0.2265625
0 0.740625 0.18515625 0.06328125 0.19921875
0 0.559375 0.51015625 0.05859375 0.18515625
0 0.66171875 0.58515625 0.0734375 0.20625
0 0.7953125 0.459375 0.07109375 0.19296875
0 0.92265625 0.3421875 0.075 0.21328125
0 0.8828125 0.5828125 0.08046875 0.2296875
0 0.940625 0.840625 0.0890625 0.17109375
0 0.440625 0.35390625 0.06953125 0.21796875
0 0.34453125 0.7828125 0.0921875 0.18046875
0 0.3015625 0.43359375 0.08203125 0.19453125
0 0.23984375 0.115625 0.06640625 0.20234375
0 0.1203125 0.22578125 0.07890625 0.215625
0 0.09375 0.43125 0.08125 0.17734375
0 0.1234375 0.85703125 0.0765625 0.2109375
0 0.20078125 0.86171875 0.075 0.16796875
0 0.871875 0.10390625 0.05859375 0.20703125