0 0.37734375 0.54765625 0.04375 0.15390625
0 0.15078125 0.5328125 0.0578125 0.1609375
0 0.31796875 0.8953125 0.04609375 0.11171875
0 0.46953125 0.590625 0.04375 0.1375
0 0.721875 0.3890625 0.04296875 0.14140625
0 0.88125 0.37890625 0.05859375 0.153125
0 0.9375 0.23046875 0.046875 0.11484375
0 0.68359375 0.66953125 0.0484375 0.14375
0 0.7328125 0.91953125 0.06875 0.1265625
0 0.52421875 0.2046875 0.03828125 0.1296875
0 0.61953125 0.3015625 0.0328125 0.1296875
0 0.64921875 0.321875 0.04921875 0.140625
0 0.51015625 0.10078125 0.0328125 0.11796875
0 0.79296875 0.10859375 0.0375 0.1421875
0 0.946875 0.07421875 0.0375 0.13515625