0 0.6703125 0.1453125 0.06953125 0.1234375
0 0.85625 0.253125 0.059375 0.1125
0 0.753125 0.32265625 0.07109375 0.07734375
0 0.6265625 0.23671875 0.0578125 0.08671875
0 0.50546875 0.06640625 0.0421875 0.090625
0 0.46796875 0.25546875 0.04921875 0.06875
0 0.26953125 0.4109375 0.0453125 0.09921875
0 0.37734375 0.29296875 0.0578125 0.065625
0 0.15625 0.64453125 0.0484375 0.08671875
0 0.175 0.75625 0.0625 0.0671875
0 0.3859375 0.678125 0.05390625 0.08125
0 0.46484375 0.565625 0.04609375 0.1046875
0 0.90234375 0.6078125 0.0625 0.09140625
0 0.7984375 0.64609375 0.0609375 0.11875
0 0.8140625 0.40546875 0.05 0.09140625
0 0.4390625 0.1640625 0.04375 0.0921875
0 0.54296875 0.26171875 0.04921875 0.07265625
0 0.45859375 0.44765625 0.05078125 0.078125
0 0.4296875 0.79453125 0.05234375 0.07890625
0 0.29609375 0.78515625 0.06328125 0.0921875
0 0.76875 0.809375 0.04921875 0.1078125
0 0.3296875 0.5296875 0.0515625 0.0640625
0 0.87421875 0.83203125 0.0546875 0.1125