0 0.3734375 0.490625 0.071875 0.146875
0 0.55546875 0.51640625 0.0484375 0.2484375
0 0.765625 0.24140625 0.0390625 0.1984375
0 0.8453125 0.18828125 0.04453125 0.19140625
0 0.9421875 0.29921875 0.053125 0.209375
0 0.7953125 0.53984375 0.05078125 0.1796875
0 0.2515625 0.85859375 0.06796875 0.18515625
0 0.5140625 0.815625 0.046875 0.1984375
0 0.60703125 0.65234375 0.05234375 0.2078125
0 0.6828125 0.3875 0.04609375 0.17109375
0 0.72734375 0.85703125 0.0484375 0.18203125
0 0.80546875 0.76796875 0.0484375 0.1859375
0 0.921875 0.784375 0.05703125 0.2125
0 0.5671875 0.84296875 0.07265625 0.22734375