0 0.13984375 0.85 0.14375 0.2984375
0 0.37109375 0.79375 0.08984375 0.3109375
0 0.83359375 0.3203125 0.06953125 0.2921875
0 0.7140625 0.4859375 0.10703125 0.2625
0 0.53046875 0.24375 0.08828125 0.2515625
0 0.4234375 0.30234375 0.078125 0.24375
0 0.48125 0.5 0.08359375 0.2796875
0 0.225 0.23984375 0.08046875 0.190625
0 0.1296875 0.4703125 0.08359375 0.28359375
0 0.225 0.540625 0.075 0.27890625
0 0.3109375 0.49453125 0.0796875 0.27109375
0 0.1 0.23203125 0.06796875 0.19609375
0 0.61328125 0.31875 0.06171875 0.25234375
0 0.67578125 0.2421875 0.06875 0.228125
0 0.96796875 0.26640625 0.06328125 0.24453125
0 0.9015625 0.55390625 0.07890625 0.29765625
0 0.7859375 0.63828125 0.09453125 0.32890625
0 0.69453125 0.70859375 0.10546875 0.234375
0 0.5515625 0.69765625 0.096875 0.3375