0 0.146875 0.075 0.07578125 0.109375
0 0.253125 0.0546875 0.08125 0.0953125
0 0.83984375 0.17578125 0.07109375 0.1078125
0 0.96015625 0.16796875 0.0640625 0.103125
0 0.2359375 0.26171875 0.06171875 0.0921875
0 0.3796875 0.36328125 0.0703125 0.09296875
0 0.48359375 0.3390625 0.0578125 0.103125
0 0.45625 0.36484375 0.06484375 0.08828125
0 0.17734375 0.2375 0.065625 0.084375
0 0.203125 0.44921875 0.0703125 0.10859375
0 0.58203125 0.5875 0.05859375 0.08203125
0 0.7546875 0.51875 0.06640625 0.0921875
0 0.07265625 0.58515625 0.0984375 0.05546875
0 0.12421875 0.44375 0.07421875 0.1015625
0 0.0640625 0.8265625 0.07421875 0.0953125
0 0.31796875 0.7890625 0.0828125 0.08984375
0 0.19453125 0.95859375 0.08359375 0.08125