0 0.59296875 0.77265625 0.03984375 0.065625
0 0.559375 0.85859375 0.03046875 0.05546875
0 0.51640625 0.89921875 0.03046875 0.04609375
0 0.60078125 0.95859375 0.034375 0.05703125
0 0.3359375 0.96171875 0.0375 0.05703125
0 0.91171875 0.9765625 0.0375 0.04609375
0 0.58046875 0.978125 0.02421875 0.04296875
0 0.33359375 0.221875 0.028125 0.06796875
0 0.0859375 0.265625 0.03984375 0.0671875
0 0.25390625 0.30234375 0.03203125 0.05703125
0 0.203125 0.30859375 0.034375 0.05625
0 0.015625 0.034375 0.03125 0.0625
0 0.55078125 0.34453125 0.0421875 0.071875
0 0.3375 0.35703125 0.03125 0.05390625
0 0.30234375 0.41328125 0.03671875 0.06640625
0 0.396875 0.4875 0.0453125 0.0578125
0 0.57734375 0.54296875 0.028125 0.0578125
0 0.37734375 0.54453125 0.0359375 0.0609375
0 0.54765625 0.553125 0.0296875 0.0578125
0 0.6296875 0.57109375 0.02890625 0.06328125
0 0.34765625 0.6 0.04375 0.0703125
0 0.5203125 0.63515625 0.0296875 0.065625
0 0.47109375 0.65546875 0.03671875 0.059375
0 0.6859375 0.72578125 0.03203125 0.06640625