0 0.40234375 0.2015625 0.01640625 0.021875
0 0.17734375 0.2109375 0.01484375 0.03671875
0 0.3453125 0.234375 0.009375 0.0359375
0 0.26171875 0.23515625 0.0125 0.0390625
0 0.4203125 0.240625 0.01015625 0.03515625
0 0.3640625 0.2625 0.00703125 0.03984375
0 0.309375 0.26640625 0.01328125 0.03046875
0 0.29921875 0.2671875 0.01171875 0.04296875
0 0.04140625 0.3140625 0.0203125 0.04296875
0 0.29140625 0.409375 0.02109375 0.0484375
0 0.36640625 0.4234375 0.01171875 0.0484375
0 0.08125 0.4375 0.01953125 0.04765625
0 0.16015625 0.446875 0.02421875 0.05234375
0 0.0984375 0.46875 0.01640625 0.05390625
0 0.7078125 0.503125 0.02265625 0.05859375
0 0.684375 0.5078125 0.02265625 0.06015625
0 0.3828125 0.51953125 0.01796875 0.05546875
0 0.321875 0.53984375 0.01796875 0.05546875
0 0.7359375 0.60390625 0.02578125 0.0640625
0 0.47734375 0.6390625 0.01953125 0.0640625
0 0.815625 0.73203125 0.02890625 0.07109375