0 0.825 0.96640625 0.0265625 0.06171875
0 0.67265625 0.9671875 0.03203125 0.06484375
0 0.428125 0.1921875 0.03984375 0.10078125
0 0.7640625 0.25 0.04375 0.08046875
0 0.64140625 0.253125 0.0421875 0.0703125
0 0.571875 0.2828125 0.0265625 0.08046875
0 0.9421875 0.28515625 0.04296875 0.075
0 0.80859375 0.2859375 0.03984375 0.07265625
0 0.54140625 0.2953125 0.028125 0.07421875
0 0.24453125 0.3 0.05234375 0.06484375
0 0.7234375 0.3625 0.03203125 0.05859375
0 0.9625 0.37109375 0.04375 0.0703125
0 0.3765625 0.40078125 0.0359375 0.08203125
0 0.1109375 0.40390625 0.04296875 0.07578125
0 0.18046875 0.4140625 0.0484375 0.0765625
0 0.95703125 0.42578125 0.0421875 0.071875
0 0.25078125 0.4390625 0.03515625 0.04921875
0 0.509375 0.47265625 0.0296875 0.06796875
0 0.28828125 0.4765625 0.04765625 0.0734375
0 0.7703125 0.72578125 0.0421875 0.06796875