0 0.0734375 0.73671875 0.025 0.03125
0 0.04609375 0.75078125 0.021875 0.03515625
0 0.0109375 0.753125 0.021875 0.0359375
0 0.3515625 0.78125 0.01171875 0.03828125
0 0.45078125 0.7875 0.01640625 0.0296875
0 0.1953125 0.79296875 0.02109375 0.0328125
0 0.0328125 0.80078125 0.025 0.028125
0 0.26796875 0.08125 0.01171875 0.0359375
0 0.1890625 0.81171875 0.0203125 0.0328125
0 0.38359375 0.82265625 0.0171875 0.0296875
0 0.1046875 0.82421875 0.0265625 0.03125
0 0.0234375 0.82578125 0.028125 0.03203125
0 0.00625 0.834375 0.01171875 0.0171875
0 0.3796875 0.84453125 0.0203125 0.03046875
0 0.34140625 0.86171875 0.02734375 0.03359375
0 0.38515625 0.86484375 0.01875 0.03203125
0 0.5609375 0.88125 0.021875 0.03203125
0 0.021875 0.88359375 0.02109375 0.03046875
0 0.2609375 0.08984375 0.0125 0.0296875
0 0.784375 0.90625 0.021875 0.0296875
0 0.959375 0.909375 0.02890625 0.03359375
0 0.334375 0.9109375 0.01875 0.0375
0 0.3234375 0.91484375 0.0171875 0.0359375
0 0.2984375 0.91796875 0.01875 0.03359375
0 0.8046875 0.93828125 0.0171875 0.0328125
0 0.53984375 0.94453125 0.01328125 0.02265625
0 0.7890625 0.94609375 0.01875 0.03125
0 0.76875 0.946875 0.01640625 0.03203125
0 0.3640625 0.9515625 0.0203125 0.02734375
0 0.25 0.09609375 0.0109375 0.03125
0 0.54140625 0.96640625 0.01484375 0.03125
0 0.821875 0.97265625 0.01953125 0.03125
0 0.12109375 0.9765625 0.02578125 0.03046875
0 0.27265625 0.15546875 0.0109375 0.0296875
0 0.56953125 0.159375 0.00859375 0.03125
0 0.56171875 0.16328125 0.0109375 0.03046875
0 0.57421875 0.17578125 0.01015625 0.0359375
0 0.28046875 0.184375 0.009375 0.03125
0 0.6765625 0.23359375 0.0109375 0.0359375
0 0.07265625 0.29765625 0.01796875 0.03203125
0 0.05 0.32578125 0.0203125 0.02421875
0 0.05 0.34296875 0.0171875 0.03359375
0 0.1484375 0.53984375 0.0203125 0.03984375
0 0.2203125 0.55859375 0.01640625 0.03515625
0 0.16328125 0.60390625 0.01640625 0.03359375
0 0.171875 0.63515625 0.0171875 0.0390625
0 0.153125 0.64375 0.015625 0.03515625
0 0.29296875 0.65078125 0.0234375 0.0390625
0 0.43828125 0.06640625 0.0109375 0.02734375
0 0.2828125 0.66328125 0.01875 0.03671875
0 0.015625 0.6765625 0.021875 0.03203125
0 0.278125 0.6875 0.0171875 0.03515625
0 0.2875 0.69296875 0.01484375 0.034375
0 0.0234375 0.70625 0.02421875 0.03046875
0 0.15078125 0.7078125 0.01796875 0.03671875
0 0.08125 0.71796875 0.021875 0.0296875
0 0.021875 0.72265625 0.0265625 0.03125