0 0.20546875 0.66875 0.02578125 0.06015625
0 0.36953125 0.7265625 0.025 0.06796875
0 0.26484375 0.74375 0.02734375 0.06171875
0 0.2484375 0.75078125 0.03046875 0.06171875
0 0.3140625 0.765625 0.02578125 0.05859375
0 0.25703125 0.8140625 0.0265625 0.05546875
0 0.23125 0.8421875 0.03515625 0.08203125
0 0.17578125 0.8484375 0.03046875 0.08984375
0 0.2140625 0.890625 0.03671875 0.07109375
0 0.32578125 0.94375 0.03671875 0.07578125
0 0.4125 0.11875 0.02421875 0.0703125
0 0.78203125 0.12421875 0.02421875 0.05234375
0 0.22421875 0.125 0.0296875 0.08046875
0 0.7671875 0.17890625 0.01796875 0.04140625
0 0.05078125 0.2375 0.03359375 0.0875
0 0.78359375 0.2859375 0.02578125 0.04453125
0 0.53359375 0.30390625 0.02890625 0.075
0 0.1953125 0.32421875 0.0265625 0.07890625
0 0.77421875 0.32890625 0.02265625 0.040625
0 0.37265625 0.3375 0.021875 0.07265625
0 0.95234375 0.0375 0.02578125 0.0703125
0 0.8140625 0.40078125 0.0203125 0.06875
0 0.83359375 0.42421875 0.02734375 0.06640625
0 0.240625 0.45 0.03515625 0.06640625
0 0.125 0.52109375 0.02734375 0.06796875
0 0.2296875 0.521875 0.03203125 0.06640625
0 0.140625 0.53828125 0.02734375 0.05859375
0 0.328125 0.57890625 0.02890625 0.06640625
0 0.61328125 0.60625 0.02734375 0.05546875
0 0.74609375 0.61796875 0.03515625 0.078125
0 0.27578125 0.6515625 0.02890625 0.0515625