0 0.84296875 0.06640625 0.009375 0.02578125
0 0.9703125 0.68046875 0.0328125 0.028125
0 0.9921875 0.68515625 0.01484375 0.0140625
0 0.97578125 0.6984375 0.0375 0.03125
0 0.91015625 0.71484375 0.0296875 0.0375
0 0.984375 0.7296875 0.03046875 0.02421875
0 0.98046875 0.7515625 0.0390625 0.028125
0 0.621875 0.07734375 0.0125 0.03046875
0 0.94375 0.80546875 0.0296875 0.0265625
0 0.9875 0.82421875 0.025 0.02734375
0 0.98671875 0.86484375 0.02578125 0.02578125
0 0.2578125 0.09609375 0.01875 0.0453125
0 0.91015625 0.9875 0.0328125 0.025
0 0.72890625 0.103125 0.01484375 0.0375
0 0.475 0.10078125 0.0109375 0.01484375
0 0.24609375 0.10546875 0.01875 0.040625
0 0.46953125 0.11328125 0.01640625 0.03828125
0 0.58671875 0.11796875 0.00859375 0.0125
0 0.4796875 0.11875 0.0109375 0.03984375
0 0.61953125 0.01328125 0.0109375 0.02578125
0 0.50078125 0.13359375 0.009375 0.0375
0 0.58515625 0.1375 0.01484375 0.0375
0 0.4890625 0.13828125 0.0125 0.0296875
0 0.296875 0.13984375 0.0203125 0.04375
0 0.59765625 0.14296875 0.0125 0.04296875
0 0.73125 0.01484375 0.0171875 0.0296875
0 0.25703125 0.15078125 0.0171875 0.03515625
0 0.25078125 0.16015625 0.01796875 0.04140625
0 0.284375 0.1609375 0.01875 0.04140625
0 0.78046875 0.01796875 0.01484375 0.03515625
0 0.65703125 0.01796875 0.01796875 0.0359375
0 0.18046875 0.18984375 0.01640625 0.04296875
0 0.18984375 0.18984375 0.01875 0.03515625
0 0.5046875 0.19921875 0.0140625 0.03671875
0 0.63125 0.2 0.01953125 0.0375
0 0.45 0.20078125 0.0140625 0.03984375
0 0.51328125 0.20234375 0.01484375 0.04140625
0 0.43359375 0.20703125 0.0125 0.0296875
0 0.48671875 0.20859375 0.0140625 0.0375
0 0.34140625 0.21328125 0.0140625 0.03203125
0 0.540625 0.21875 0.015625 0.0390625
0 0.3109375 0.228125 0.01875 0.0375
0 0.33359375 0.2296875 0.0140625 0.03671875
0 0.54921875 0.23125 0.015625 0.03828125
0 0.43515625 0.2328125 0.01640625 0.0390625
0 0.66171875 0.0234375 0.01171875 0.02578125
0 0.671875 0.0234375 0.0140625 0.03359375
0 0.209375 0.234375 0.01875 0.0390625
0 0.5203125 0.23515625 0.009375 0.028125
0 0.303125 0.23671875 0.0171875 0.03984375
0 0.528125 0.2375 0.0140625 0.03984375
0 0.4046875 0.246875 0.01484375 0.0375
0 0.22578125 0.253125 0.01875 0.0375
0 0.5296875 0.25546875 0.01484375 0.03984375
0 0.23203125 0.25859375 0.01484375 0.03359375
0 0.41640625 0.2609375 0.0125 0.0375
0 0.53359375 0.26640625 0.01640625 0.0375
0 0.24453125 0.2734375 0.0203125 0.0421875
0 0.5453125 0.2765625 0.009375 0.03515625
0 0.465625 0.278125 0.0140625 0.03671875
0 0.490625 0.2828125 0.00859375 0.03359375
0 0.2671875 0.2828125 0.01875 0.03671875
0 0.54765625 0.28359375 0.01484375 0.03984375
0 0.29140625 0.2859375 0.01640625 0.04375
0 0.28203125 0.2859375 0.0171875 0.0421875
0 0.3921875 0.28828125 0.01484375 0.025
0 0.46796875 0.2953125 0.01875 0.0296875
0 0.4296875 0.296875 0.01640625 0.03515625
0 0.203125 0.03046875 0.0203125 0.0421875
0 0.26640625 0.30078125 0.02109375 0.03984375
0 0.31171875 0.30390625 0.0109375 0.03359375
0 0.303125 0.30625 0.01171875 0.028125
0 0.31953125 0.31328125 0.0109375 0.0375
0 0.5078125 0.31328125 0.0171875 0.03671875
0 0.396875 0.3140625 0.0171875 0.0390625
0 0.28359375 0.31640625 0.01484375 0.04140625
0 0.44609375 0.31953125 0.0125 0.040625
0 0.42578125 0.32578125 0.01875 0.03828125
0 0.33359375 0.3296875 0.01953125 0.03984375
0 0.31171875 0.33046875 0.01640625 0.02890625
0 0.4203125 0.3359375 0.0171875 0.03515625
0 0.6625 0.3375 0.0109375 0.0296875
0 0.3375 0.34140625 0.0125 0.03203125
0 0.353125 0.34140625 0.01484375 0.03125
0 0.39296875 0.34140625 0.0125 0.03828125
0 0.553125 0.3453125 0.01640625 0.028125
0 0.453125 0.34765625 0.0125 0.0390625
0 0.6546875 0.35078125 0.0140625 0.034375
0 0.3609375 0.35078125 0.0125 0.03046875
0 0.31640625 0.35234375 0.01484375 0.021875
0 0.6984375 0.0359375 0.009375 0.02109375
0 0.346875 0.36171875 0.01875 0.03125
0 0.4875 0.365625 0.0109375 0.03359375
0 0.55234375 0.3703125 0.01484375 0.0328125
0 0.32578125 0.3703125 0.0171875 0.02890625
0 0.3671875 0.3703125 0.01171875 0.0171875
0 0.41015625 0.3734375 0.01875 0.03515625
0 0.4921875 0.378125 0.00703125 0.02578125
0 0.371875 0.38046875 0.0140625 0.01796875
0 0.3484375 0.3875 0.01484375 0.034375
0 0.6796875 0.00390625 0.009375 0.0078125
0 0.46015625 0.390625 0.0125 0.04140625
0 0.3609375 0.39140625 0.0140625 0.03046875
0 0.4046875 0.39765625 0.01328125 0.03359375
0 0.5046875 0.39765625 0.0109375 0.03203125
0 0.4578125 0.4 0.01171875 0.03359375
0 0.378125 0.4 0.01640625 0.0296875
0 0.40859375 0.40625 0.01015625 0.025
0 0.36015625 0.4140625 0.01484375 0.03125
0 0.484375 0.41484375 0.0125 0.02265625
0 0.44765625 0.41953125 0.0109375 0.01484375
0 0.36953125 0.4203125 0.01484375 0.03125
0 0.46953125 0.421875 0.0171875 0.02578125
0 0.46875 0.421875 0.0171875 0.02578125
0 0.38046875 0.42265625 0.0109375 0.0296875
0 0.43046875 0.4265625 0.01640625 0.03359375
0 0.4109375 0.42734375 0.01328125 0.03203125
0 0.3875 0.43125 0.0125 0.025
0 0.453125 0.43125 0.0140625 0.01875
0 0.48671875 0.4375 0.01484375 0.03125
0 0.39453125 0.4453125 0.015625 0.0390625
0 0.415625 0.44609375 0.01640625 0.0328125
0 0.51015625 0.44765625 0.01484375 0.03359375
0 0.70234375 0.0046875 0.01171875 0.009375
0 0.4546875 0.45625 0.01484375 0.034375
0 0.5203125 0.4578125 0.01484375 0.03359375
0 0.40234375 0.4578125 0.0109375 0.03125
0 0.475 0.459375 0.01640625 0.0375
0 0.490625 0.46171875 0.01328125 0.01953125
0 0.42421875 0.4625 0.01171875 0.03359375
0 0.440625 0.46875 0.015625 0.03125
0 0.490625 0.47578125 0.0109375 0.03125
0 0.521875 0.4765625 0.01484375 0.02734375
0 0.41875 0.47890625 0.01171875 0.0296875
0 0.76953125 0.4796875 0.02265625 0.03359375
0 0.45 0.4859375 0.0140625 0.03359375
0 0.4640625 0.4859375 0.0125 0.03359375
0 0.70390625 0.48671875 0.02265625 0.0375
0 0.8453125 0.04921875 0.0125 0.02578125
0 0.5796875 0.48984375 0.0171875 0.0203125
0 0.42578125 0.48984375 0.01171875 0.03203125
0 0.5015625 0.490625 0.01484375 0.0359375
0 0.4796875 0.49765625 0.0140625 0.03359375
0 0.73828125 0.05078125 0.01484375 0.03984375
0 0.7234375 0.05078125 0.01015625 0.03671875
0 0.75078125 0.05078125 0.01953125 0.040625
0 0.5765625 0.509375 0.0140625 0.034375
0 0.44296875 0.51328125 0.0171875 0.03203125
0 0.49375 0.5140625 0.0125 0.03046875
0 0.62421875 0.0515625 0.01171875 0.03515625
0 0.565625 0.51875 0.0140625 0.03125
0 0.48046875 0.5234375 0.0109375 0.0234375
0 0.61484375 0.053125 0.01484375 0.04140625
0 0.5078125 0.53828125 0.01484375 0.03359375
0 0.4859375 0.53984375 0.0140625 0.0296875
0 0.465625 0.54453125 0.01640625 0.03671875
0 0.5 0.55234375 0.0140625 0.0296875
0 0.51796875 0.55703125 0.0140625 0.03359375
0 0.49140625 0.5578125 0.01484375 0.03203125
0 0.13125 0.05703125 0.01484375 0.0234375
0 0.50625 0.578125 0.01484375 0.02578125
0 0.71796875 0.0625 0.01171875 0.03125
0 0.83125 0.63515625 0.025 0.03203125
0 0.796875 0.640625 0.02265625 0.0296875
0 0.821875 0.6484375 0.02890625 0.034375