0 0.24609375 0.3375 0.0171875 0.0453125
0 0.2609375 0.36953125 0.02265625 0.04765625
0 0.378125 0.48515625 0.015625 0.05
0 0.365625 0.50546875 0.02265625 0.0453125
0 0.73046875 0.5296875 0.02890625 0.04765625
0 0.10234375 0.54453125 0.03203125 0.05
0 0.79375 0.54609375 0.02578125 0.040625
0 0.396875 0.55 0.02265625 0.053125
0 0.38515625 0.57890625 0.01875 0.0484375
0 0.72265625 0.58046875 0.025 0.04453125
0 0.1140625 0.58515625 0.0296875 0.0421875
0 0.79921875 0.5921875 0.028125 0.04765625
0 0.56171875 0.60234375 0.015625 0.0578125
0 0.078125 0.60390625 0.03125 0.04453125
0 0.8953125 0.61640625 0.0171875 0.02421875
0 0.67578125 0.61953125 0.0171875 0.03984375
0 0.728125 0.61953125 0.025 0.04609375
0 0.78828125 0.6359375 0.02265625 0.04453125
0 0.88359375 0.63828125 0.025 0.03984375
0 0.07734375 0.63984375 0.0328125 0.05
0 0.53671875 0.640625 0.021875 0.040625
0 0.6328125 0.6484375 0.0265625 0.0453125
0 0.76171875 0.65234375 0.025 0.04375
0 0.79609375 0.659375 0.021875 0.03828125
0 0.6890625 0.66328125 0.02421875 0.04140625
0 0.89140625 0.66953125 0.02578125 0.03984375
0 0.65390625 0.68515625 0.028125 0.04765625
0 0.884375 0.7015625 0.034375 0.0484375
0 0.80859375 0.7109375 0.02421875 0.04140625
0 0.8296875 0.7484375 0.028125 0.03828125
0 0.921875 0.7625 0.0265625 0.040625
0 0.80390625 0.76875 0.03125 0.03359375
0 0.83671875 0.78671875 0.028125 0.0421875
0 0.14765625 0.7984375 0.0265625 0.03203125
0 0.925 0.80234375 0.03125 0.03984375
0 0.80546875 0.80546875 0.03203125 0.04375
0 0.15234375 0.8265625 0.0296875 0.0421875
0 0.828125 0.83984375 0.0296875 0.03828125
0 0.525 0.8515625 0.01640625 0.03671875
0 0.46796875 0.85703125 0.01640625 0.0421875
0 0.50390625 0.86953125 0.0125 0.03828125
0 0.4875 0.884375 0.0171875 0.03203125
0 0.321875 0.93984375 0.02109375 0.03828125