0 0.4703125 0.81953125 0.05 0.06875
0 0.95234375 0.82421875 0.04765625 0.065625
0 0.7125 0.8703125 0.0484375 0.06953125
0 0.3359375 0.871875 0.04765625 0.08046875
0 0.30546875 0.94453125 0.06640625 0.07734375
0 0.7109375 0.96875 0.0375 0.0578125
0 0.690625 0.9875 0.05078125 0.025
0 0.59375 0.12109375 0.053125 0.071875
0 0.45234375 0.2046875 0.03203125 0.0546875
0 0.303125 0.20859375 0.05078125 0.065625
0 0.3296875 0.240625 0.05078125 0.084375
0 0.490625 0.25703125 0.028125 0.0515625
0 0.5875 0.30625 0.0546875 0.08359375
0 0.40546875 0.31875 0.03515625 0.04375
0 0.42109375 0.3609375 0.03046875 0.05234375
0 0.56875 0.36484375 0.04921875 0.07265625
0 0.425 0.4015625 0.021875 0.03671875
0 0.165625 0.4078125 0.0546875 0.0734375
0 0.309375 0.43828125 0.04765625 0.06015625
0 0.43515625 0.44453125 0.0296875 0.06484375
0 0.5859375 0.44609375 0.03984375 0.06484375
0 0.38203125 0.4671875 0.05859375 0.053125
0 0.68125 0.4734375 0.03671875 0.04765625
0 0.578125 0.48671875 0.028125 0.0578125
0 0.6703125 0.51640625 0.04296875 0.05
0 0.3859375 0.51875 0.05390625 0.053125
0 0.765625 0.521875 0.0625 0.0640625
0 0.1359375 0.53515625 0.05390625 0.04921875
0 0.5875 0.540625 0.0375 0.059375
0 0.41796875 0.5671875 0.0546875 0.05234375
0 0.59453125 0.596875 0.04296875 0.06171875
0 0.93203125 0.61796875 0.07890625 0.06015625
0 0.696875 0.61875 0.0578125 0.053125
0 0.63515625 0.63515625 0.04375 0.05859375
0 0.5046875 0.6515625 0.046875 0.0671875
0 0.39921875 0.6546875 0.03515625 0.06171875
0 0.9234375 0.67421875 0.075 0.07265625
0 0.63359375 0.69296875 0.03984375 0.04765625
0 0.484375 0.703125 0.040625 0.05859375
0 0.309375 0.728125 0.0390625 0.0515625
0 0.67109375 0.73203125 0.04296875 0.05859375
0 0.5921875 0.7421875 0.03125 0.0359375
0 0.64296875 0.771875 0.0453125 0.059375
0 0.39765625 0.771875 0.03828125 0.06875
0 0.2765625 0.77578125 0.05234375 0.06171875
0 0.9421875 0.78046875 0.0484375 0.0484375
0 0.03515625 0.7859375 0.065625 0.06328125
0 0.359375 0.79609375 0.04921875 0.06953125