0 0.0453125 0.7703125 0.04765625 0.115625
0 0.8140625 0.11328125 0.0484375 0.1171875
0 0.59140625 0.121875 0.0375 0.10703125
0 0.3421875 0.13203125 0.04609375 0.103125
0 0.565625 0.165625 0.03828125 0.103125
0 0.50078125 0.2921875 0.0421875 0.1234375
0 0.56796875 0.3125 0.0484375 0.13046875
0 0.53203125 0.325 0.028125 0.1109375
0 0.88359375 0.03515625 0.0375 0.06953125
0 0.73203125 0.36171875 0.04375 0.10625
0 0.98203125 0.3640625 0.034375 0.090625
0 0.40703125 0.36484375 0.040625 0.1109375
0 0.83671875 0.0375 0.02734375 0.075
0 0.253125 0.37421875 0.05234375 0.11171875
0 0.7484375 0.390625 0.03203125 0.11171875
0 0.77890625 0.4078125 0.0515625 0.10625
0 0.9765625 0.43359375 0.03828125 0.09609375
0 0.91875 0.4359375 0.03828125 0.1234375
0 0.51171875 0.46640625 0.03828125 0.11640625
0 0.22421875 0.475 0.03359375 0.1015625
0 0.23359375 0.51796875 0.0421875 0.10390625
0 0.9765625 0.55 0.040625 0.10546875
0 0.3 0.5640625 0.03515625 0.10859375
0 0.30546875 0.584375 0.0375 0.11484375
0 0.70703125 0.58984375 0.053125 0.109375
0 0.915625 0.6 0.0375 0.09609375
0 0.39609375 0.65546875 0.03046875 0.09453125
0 0.3109375 0.6828125 0.0359375 0.125
0 0.19921875 0.6953125 0.03671875 0.0875
0 0.0421875 0.70703125 0.0375 0.09296875