0 0.67890625 0.946875 0.028125 0.05859375
0 0.46796875 0.10703125 0.03203125 0.046875
0 0.1859375 0.1078125 0.046875 0.0703125
0 0.51015625 0.1296875 0.025 0.046875
0 0.4453125 0.14609375 0.01953125 0.0375
0 0.146875 0.2234375 0.03984375 0.0546875
0 0.765625 0.4578125 0.04765625 0.04453125
0 0.7546875 0.48046875 0.03828125 0.05703125
0 0.36328125 0.4921875 0.0328125 0.04453125
0 0.35078125 0.534375 0.02734375 0.06640625
0 0.5796875 0.56875 0.03046875 0.0375
0 0.6078125 0.5984375 0.01328125 0.0171875
0 0.090625 0.6171875 0.02734375 0.02265625
0 0.57109375 0.61796875 0.01953125 0.03828125
0 0.58984375 0.640625 0.02265625 0.03828125
0 0.08984375 0.6484375 0.0234375 0.02578125
0 0.09765625 0.67890625 0.03046875 0.04296875
0 0.39609375 0.8046875 0.02578125 0.05078125
0 0.63828125 0.8265625 0.0390625 0.0484375
0 0.4125 0.8328125 0.0234375 0.06171875
0 0.475 0.84609375 0.01640625 0.03671875
0 0.44609375 0.84921875 0.01953125 0.04453125
0 0.43046875 0.853125 0.01953125 0.05390625