0 0.31328125 0.24453125 0.040625 0.07890625
0 0.92890625 0.28046875 0.0484375 0.08203125
0 0.6625 0.2875 0.05625 0.06484375
0 0.72734375 0.03046875 0.0359375 0.0609375
0 0.85859375 0.3453125 0.04765625 0.07109375
0 0.346875 0.41328125 0.0359375 0.0515625
0 0.7515625 0.45546875 0.03828125 0.05
0 0.175 0.46640625 0.05390625 0.06875
0 0.7875 0.54375 0.059375 0.06796875
0 0.19296875 0.55390625 0.0609375 0.065625
0 0.22890625 0.5625 0.06015625 0.05078125
0 0.14921875 0.59140625 0.059375 0.06015625
0 0.63203125 0.65234375 0.0375 0.03828125