0 0.30390625 0.96484375 0.0328125 0.06953125
0 0.26484375 0.9734375 0.04296875 0.05234375
0 0.171875 0.97421875 0.0515625 0.05078125
0 0.2109375 0.98359375 0.03203125 0.0328125
0 0.03203125 0.1125 0.0203125 0.034375
0 0.9625 0.13984375 0.03671875 0.084375
0 0.140625 0.01640625 0.021875 0.0328125
0 0.9890625 0.1796875 0.021875 0.075
0 0.41015625 0.23046875 0.025 0.06796875
0 0.37421875 0.2328125 0.02734375 0.09375
0 0.3234375 0.28203125 0.02734375 0.08046875
0 0.12421875 0.0296875 0.02578125 0.059375
0 0.2984375 0.3375 0.021875 0.04375
0 0.25859375 0.35 0.02421875 0.0390625
0 0.94921875 0.0359375 0.021875 0.06328125
0 0.40078125 0.3734375 0.0265625 0.075
0 0.30859375 0.38125 0.03046875 0.08359375
0 0.28203125 0.3984375 0.0265625 0.07421875
0 0.26328125 0.40078125 0.028125 0.071875
0 0.2390625 0.41171875 0.03125 0.071875
0 0.91171875 0.05546875 0.0296875 0.08671875