0 0.57578125 0.07578125 0.02421875 0.05
0 0.38984375 0.1125 0.03125 0.10390625
0 0.5859375 0.14375 0.028125 0.103125
0 0.2203125 0.15703125 0.034375 0.10859375
0 0.25 0.1703125 0.025 0.11015625
0 0.5234375 0.18671875 0.028125 0.1078125
0 0.68671875 0.19140625 0.028125 0.0953125
0 0.40703125 0.2015625 0.02890625 0.10703125
0 0.42890625 0.203125 0.0296875 0.103125
0 0.50078125 0.2453125 0.0296875 0.109375
0 0.36171875 0.24765625 0.0296875 0.1046875
0 0.3328125 0.25078125 0.0359375 0.1109375
0 0.4671875 0.290625 0.0328125 0.1171875
0 0.41171875 0.30234375 0.0328125 0.0984375
0 0.27421875 0.3046875 0.03515625 0.10703125
0 0.3921875 0.31640625 0.040625 0.10078125
0 0.2625 0.32890625 0.03046875 0.103125
0 0.31796875 0.33125 0.0421875 0.10703125
0 0.12890625 0.36640625 0.04140625 0.1125