0 0.09609375 0.78515625 0.01953125 0.06640625
0 0.365625 0.79140625 0.02421875 0.07578125
0 0.528125 0.79140625 0.02734375 0.07578125
0 0.49921875 0.79609375 0.021875 0.053125
0 0.08125 0.7984375 0.02265625 0.0796875
0 0.384375 0.8 0.0203125 0.0828125
0 0.4625 0.81015625 0.02890625 0.071875
0 0.546875 0.84453125 0.02734375 0.05390625
0 0.24375 0.846875 0.0234375 0.07109375
0 0.25625 0.0859375 0.01484375 0.0671875
0 0.27421875 0.8546875 0.02578125 0.0796875
0 0.5203125 0.8609375 0.02578125 0.0671875
0 0.62578125 0.8734375 0.0265625 0.06796875
0 0.65234375 0.87578125 0.02734375 0.084375
0 0.46796875 0.878125 0.01953125 0.0765625
0 0.45625 0.8828125 0.02734375 0.0734375
0 0.49296875 0.884375 0.02890625 0.0859375
0 0.478125 0.9421875 0.02578125 0.07421875
0 0.4578125 0.9453125 0.02421875 0.071875
0 0.5828125 0.95859375 0.0234375 0.06328125
0 0.37578125 0.96484375 0.02109375 0.06875
0 0.3953125 0.965625 0.02109375 0.0625
0 0.55 0.9703125 0.02734375 0.059375
0 0.2421875 0.096875 0.01484375 0.07109375
0 0.3359375 0.1015625 0.021875 0.071875
0 0.21484375 0.10625 0.01953125 0.06875
0 0.47578125 0.11015625 0.02109375 0.06796875
0 0.4578125 0.11171875 0.01953125 0.06640625
0 0.41328125 0.1125 0.01796875 0.04609375
0 0.23671875 0.11796875 0.01953125 0.08984375
0 0.29375 0.12109375 0.0171875 0.071875
0 0.5328125 0.12265625 0.01328125 0.04453125
0 0.5078125 0.12578125 0.02109375 0.0703125
0 0.33984375 0.01328125 0.00859375 0.02578125
0 0.54765625 0.13359375 0.01953125 0.0671875
0 0.325 0.01484375 0.01015625 0.02890625
0 0.334375 0.1640625 0.01953125 0.06796875
0 0.3578125 0.16875 0.021875 0.07265625
0 0.60078125 0.18203125 0.015625 0.0765625
0 0.3421875 0.1828125 0.0140625 0.0546875
0 0.31015625 0.184375 0.01875 0.0703125
0 0.2953125 0.18671875 0.01796875 0.0734375
0 0.38515625 0.19453125 0.01640625 0.07265625
0 0.36875 0.1953125 0.02109375 0.06796875
0 0.6328125 0.0203125 0.01796875 0.03984375
0 0.68828125 0.021875 0.02265625 0.04296875
0 0.61484375 0.02265625 0.01796875 0.04453125
0 0.37734375 0.02265625 0.0171875 0.0453125
0 0.35078125 0.23359375 0.02265625 0.07734375
0 0.425 0.23984375 0.0203125 0.06640625
0 0.44140625 0.24375 0.021875 0.07109375
0 0.66953125 0.02578125 0.0171875 0.0515625
0 0.27265625 0.02734375 0.01875 0.03984375
0 0.36171875 0.271875 0.021875 0.0671875
0 0.60078125 0.275 0.02265625 0.07890625
0 0.68828125 0.27734375 0.01953125 0.07109375
0 0.478125 0.2765625 0.02109375 0.07421875
0 0.6234375 0.27890625 0.0234375 0.07890625
0 0.378125 0.2796875 0.02734375 0.0828125
0 0.4984375 0.28203125 0.0171875 0.065625
0 0.30546875 0.28515625 0.021875 0.08515625
0 0.66796875 0.28671875 0.02109375 0.08125
0 0.4203125 0.3203125 0.021875 0.065625
0 0.39921875 0.3265625 0.01953125 0.0734375
0 0.6390625 0.33125 0.02109375 0.0765625
0 0.6546875 0.3375 0.02265625 0.08125
0 0.3421875 0.3390625 0.02578125 0.078125
0 0.4546875 0.359375 0.0171875 0.07734375
0 0.61171875 0.38671875 0.01953125 0.06875
0 0.53984375 0.04140625 0.0171875 0.06640625
0 0.36953125 0.04296875 0.01796875 0.07265625
0 0.21796875 0.0453125 0.01953125 0.071875
0 0.559375 0.04609375 0.01875 0.07734375
0 0.5203125 0.4640625 0.02109375 0.05546875
0 0.27890625 0.5203125 0.02421875 0.07578125
0 0.31796875 0.52578125 0.02265625 0.07578125
0 0.2328125 0.53671875 0.02109375 0.08203125
0 0.265625 0.55390625 0.02421875 0.07421875
0 0.203125 0.05703125 0.0171875 0.06328125
0 0.496875 0.5671875 0.02265625 0.0671875
0 0.09921875 0.56640625 0.02421875 0.0703125
0 0.5375 0.58671875 0.02265625 0.0671875
0 0.58515625 0.5984375 0.02265625 0.05859375
0 0.1328125 0.615625 0.02421875 0.08125
0 0.38984375 0.06328125 0.01796875 0.071875
0 0.2203125 0.62890625 0.02578125 0.08671875
0 0.63828125 0.63359375 0.0203125 0.06328125
0 0.30234375 0.06328125 0.0125 0.06640625
0 0.17265625 0.6375 0.021875 0.075
0 0.39453125 0.64765625 0.02265625 0.07421875
0 0.415625 0.065625 0.0171875 0.05625
0 0.2796875 0.65625 0.02578125 0.07734375
0 0.6578125 0.65703125 0.02265625 0.08359375
0 0.27109375 0.06640625 0.01640625 0.06875
0 0.2890625 0.0671875 0.01953125 0.059375
0 0.2625 0.6875 0.02734375 0.06875
0 0.2953125 0.6875 0.02421875 0.07265625
0 0.6296875 0.06875 0.01484375 0.06484375
0 0.56484375 0.7015625 0.02109375 0.07421875
0 0.61484375 0.07109375 0.01875 0.0609375
0 0.53828125 0.71171875 0.02265625 0.071875
0 0.0984375 0.73515625 0.02578125 0.06328125
0 0.64921875 0.73515625 0.02578125 0.06796875
0 0.29921875 0.7359375 0.01953125 0.0703125
0 0.2859375 0.74921875 0.02265625 0.0875