0 0.6828125 0.86953125 0.021875 0.05703125
0 0.8078125 0.87734375 0.04453125 0.078125
0 0.575 0.884375 0.02265625 0.0546875
0 0.45703125 0.90625 0.02890625 0.0703125
0 0.69921875 0.91796875 0.03359375 0.06171875
0 0.77421875 0.9796875 0.03046875 0.0390625
0 0.8078125 0.1265625 0.03671875 0.05078125
0 0.76953125 0.16953125 0.03671875 0.0640625
0 0.9140625 0.18046875 0.04140625 0.06640625
0 0.6765625 0.22421875 0.03203125 0.05703125
0 0.77890625 0.253125 0.03671875 0.05546875
0 0.75234375 0.3328125 0.03359375 0.04453125
0 0.6984375 0.33671875 0.02890625 0.05625
0 0.79140625 0.03984375 0.03046875 0.0796875
0 0.49921875 0.45546875 0.02734375 0.02734375
0 0.77109375 0.4859375 0.03203125 0.03359375
0 0.78671875 0.55390625 0.03359375 0.05703125
0 0.69296875 0.55859375 0.03828125 0.0546875
0 0.55625 0.59375 0.0265625 0.0640625
0 0.62734375 0.62265625 0.02734375 0.040625
0 0.671875 0.63359375 0.0296875 0.06484375
0 0.7625 0.675 0.03515625 0.07734375
0 0.584375 0.675 0.02734375 0.06953125
0 0.44140625 0.71875 0.02734375 0.0546875
0 0.71484375 0.784375 0.02734375 0.04765625
0 0.39453125 0.8109375 0.02578125 0.06328125
0 0.5453125 0.8390625 0.02109375 0.0484375
0 0.52734375 0.8421875 0.02109375 0.07109375
0 0.74609375 0.084375 0.0296875 0.05546875