0 0.1484375 0.73984375 0.0203125 0.0640625
0 0.165625 0.7484375 0.01484375 0.04921875
0 0.23984375 0.75546875 0.0265625 0.04375
0 0.24140625 0.78359375 0.0203125 0.06796875
0 0.0859375 0.9390625 0.01953125 0.07890625
0 0.0984375 0.9609375 0.025 0.07734375
0 0.18046875 0.978125 0.021875 0.04375
0 0.16484375 0.984375 0.01875 0.03046875
0 0.1578125 0.1046875 0.0234375 0.0671875
0 0.4484375 0.03359375 0.02109375 0.06328125
0 0.3578125 0.365625 0.03046875 0.0671875
0 0.18046875 0.58125 0.01875 0.06875
0 0.165625 0.58203125 0.01796875 0.06796875
0 0.07421875 0.68671875 0.01953125 0.07421875
0 0.63125 0.3578125 0.02265625 0.05