0 0.08203125 0.74765625 0.04140625 0.07265625
0 0.56484375 0.75625 0.03828125 0.08125
0 0.15390625 0.76953125 0.03359375 0.08984375
0 0.021875 0.7984375 0.02578125 0.059375
0 0.36796875 0.8078125 0.028125 0.08671875
0 0.0265625 0.83203125 0.03203125 0.07421875
0 0.67421875 0.83671875 0.040625 0.07734375
0 0.26171875 0.84375 0.03203125 0.0796875
0 0.05625 0.85625 0.04140625 0.0828125
0 0.0890625 0.0875 0.0265625 0.08125
0 0.99453125 0.940625 0.01015625 0.0734375
0 0.28359375 0.1546875 0.02734375 0.084375
0 0.00703125 0.1640625 0.0140625 0.090625
0 0.44453125 0.1703125 0.03125 0.07734375
0 0.675 0.17109375 0.0296875 0.0671875
0 0.2453125 0.19765625 0.03203125 0.0703125
0 0.41328125 0.20390625 0.02265625 0.07421875
0 0.1765625 0.2140625 0.03828125 0.08046875
0 0.6640625 0.21640625 0.0265625 0.05078125
0 0.2953125 0.22265625 0.040625 0.08046875
0 0.35390625 0.2234375 0.03203125 0.084375
0 0.39453125 0.23046875 0.03046875 0.0796875
0 0.665625 0.25078125 0.03515625 0.07890625
0 0.428125 0.26796875 0.03359375 0.07734375
0 0.6859375 0.28515625 0.01953125 0.03046875
0 0.7171875 0.290625 0.0390625 0.07109375
0 0.56953125 0.2921875 0.0328125 0.08671875
0 0.44296875 0.29453125 0.0359375 0.07109375
0 0.790625 0.29765625 0.0421875 0.07890625
0 0.17578125 0.32109375 0.03984375 0.07421875
0 0.48515625 0.32734375 0.0328125 0.07890625
0 0.32890625 0.3296875 0.03984375 0.08046875
0 0.68046875 0.334375 0.04140625 0.08671875
0 0.75703125 0.35390625 0.03828125 0.07421875
0 0.62578125 0.36171875 0.03984375 0.071875
0 0.78203125 0.375 0.02890625 0.0703125
0 0.26171875 0.39375 0.03359375 0.07578125
0 0.9265625 0.396875 0.0359375 0.0703125
0 0.44140625 0.40546875 0.028125 0.03203125
0 0.7125 0.4078125 0.03046875 0.0796875
0 0.9796875 0.4078125 0.02578125 0.07734375
0 0.48203125 0.41015625 0.04296875 0.08125
0 0.7609375 0.41796875 0.02265625 0.07734375
0 0.26171875 0.41953125 0.02734375 0.08515625
0 0.83203125 0.41953125 0.02421875 0.0578125
0 0.56328125 0.43203125 0.02578125 0.07734375
0 0.40859375 0.4375 0.0359375 0.09140625
0 0.8234375 0.46875 0.028125 0.07734375
0 0.7 0.47109375 0.01640625 0.07109375
0 0.54921875 0.47734375 0.03046875 0.08671875
0 0.73984375 0.48125 0.02109375 0.0828125
0 0.6015625 0.490625 0.02890625 0.07421875
0 0.68671875 0.503125 0.02734375 0.07578125
0 0.71171875 0.528125 0.02890625 0.0609375
0 0.75625 0.55234375 0.04140625 0.08125
0 0.4796875 0.5515625 0.02421875 0.08671875
0 0.59453125 0.55234375 0.04140625 0.08203125
0 0.98359375 0.553125 0.03203125 0.06875
0 0.178125 0.55703125 0.0421875 0.07890625
0 0.65078125 0.559375 0.03125 0.0859375
0 0.28359375 0.565625 0.025 0.07734375
0 0.70546875 0.56796875 0.03359375 0.07421875
0 0.81015625 0.5796875 0.03671875 0.09453125
0 0.85546875 0.584375 0.0421875 0.07734375
0 0.74921875 0.58515625 0.0359375 0.07890625
0 0.50078125 0.59609375 0.03828125 0.07421875
0 0.29609375 0.60546875 0.03046875 0.07734375
0 0.67734375 0.61640625 0.02578125 0.08515625
0 0.36796875 0.6203125 0.03359375 0.07578125
0 0.81171875 0.62421875 0.03359375 0.0734375
0 0.28828125 0.640625 0.04140625 0.0828125
0 0.42421875 0.64296875 0.0421875 0.07734375
0 0.0140625 0.6484375 0.02578125 0.08515625
0 0.58671875 0.65078125 0.03828125 0.07265625
0 0.69765625 0.6578125 0.03984375 0.08828125
0 0.81953125 0.6578125 0.02890625 0.0734375
0 0.26171875 0.67578125 0.04296875 0.07734375
0 0.46484375 0.7078125 0.0296875 0.06953125
0 0.484375 0.7265625 0.04453125 0.08828125