0 0.4015625 0.2015625 0.01640625 0.021875
0 0.1765625 0.21171875 0.01484375 0.03671875
0 0.3453125 0.234375 0.009375 0.0359375
0 0.2609375 0.23515625 0.0125 0.0390625
0 0.4203125 0.240625 0.009375 0.03515625
0 0.3640625 0.2625 0.00703125 0.03984375
0 0.309375 0.26640625 0.01328125 0.03125
0 0.29921875 0.2671875 0.0109375 0.04296875
0 0.04140625 0.31328125 0.0203125 0.04296875
0 0.29140625 0.409375 0.02109375 0.0484375
0 0.36640625 0.4234375 0.0125 0.0484375
0 0.08125 0.43671875 0.01875 0.04765625
0 0.1609375 0.44765625 0.02421875 0.05234375
0 0.09921875 0.46875 0.01640625 0.05390625
0 0.7078125 0.50390625 0.02265625 0.059375
0 0.684375 0.50859375 0.02265625 0.059375
0 0.3828125 0.51875 0.01796875 0.05546875
0 0.321875 0.53984375 0.01796875 0.05546875
0 0.73515625 0.60390625 0.025 0.0640625
0 0.478125 0.6390625 0.0203125 0.0640625
0 0.81484375 0.73125 0.02890625 0.07109375