0 0.59921875 0.75078125 0.01875 0.0375
0 0.515625 0.771875 0.01875 0.04140625
0 0.6 0.828125 0.02265625 0.0390625
0 0.534375 0.846875 0.01875 0.03515625
0 0.55 0.84765625 0.0125 0.03984375
0 0.69453125 0.859375 0.015625 0.03984375
0 0.48359375 0.86015625 0.025 0.04765625
0 0.6765625 0.865625 0.01484375 0.04921875
0 0.5578125 0.86796875 0.01640625 0.0375
0 0.51953125 0.8828125 0.0171875 0.03515625
0 0.55 0.88515625 0.02109375 0.04453125
0 0.35 0.90234375 0.02421875 0.0359375
0 0.446875 0.9171875 0.02109375 0.03125
0 0.36875 0.91796875 0.0203125 0.03515625
0 0.49765625 0.21953125 0.01640625 0.04609375
0 0.484375 0.21953125 0.01640625 0.03984375
0 0.5109375 0.2796875 0.021875 0.05078125
0 0.4859375 0.290625 0.01796875 0.04453125
0 0.48984375 0.36953125 0.01796875 0.03359375
0 0.4546875 0.3765625 0.02109375 0.0515625
0 0.50859375 0.3875 0.0171875 0.04453125
0 0.52265625 0.3921875 0.01640625 0.04765625
0 0.4390625 0.434375 0.021875 0.0484375
0 0.4546875 0.44609375 0.01875 0.04453125
0 0.471875 0.4671875 0.01953125 0.046875
0 0.5625 0.475 0.021875 0.0453125
0 0.49375 0.4828125 0.0171875 0.02890625
0 0.55 0.490625 0.02421875 0.04765625
0 0.49765625 0.50625 0.02265625 0.06171875
0 0.51328125 0.540625 0.0171875 0.04453125
0 0.496875 0.575 0.01484375 0.0328125
0 0.475 0.57890625 0.01640625 0.04375
0 0.50625 0.58671875 0.02265625 0.040625
0 0.52890625 0.6328125 0.01953125 0.0390625
0 0.5453125 0.63828125 0.01875 0.03671875
0 0.4421875 0.715625 0.028125 0.0390625
0 0.4515625 0.72109375 0.01796875 0.040625
0 0.5453125 0.73125 0.021875 0.03828125