0 0.35390625 0.75546875 0.02578125 0.0625
0 0.92265625 0.01640625 0.0109375 0.03203125
0 0.3140625 0.29140625 0.0140625 0.034375
0 0.303125 0.31796875 0.01328125 0.0328125
0 0.25546875 0.3390625 0.01484375 0.03671875
0 0.28828125 0.34921875 0.015625 0.0390625
0 0.14921875 0.39765625 0.01875 0.03515625
0 0.215625 0.4 0.01953125 0.0421875
0 0.946875 0.4359375 0.03203125 0.0671875
0 0.9296875 0.45546875 0.0296875 0.0625
0 0.8890625 0.45859375 0.0234375 0.0671875
0 0.7765625 0.4609375 0.0234375 0.07109375
0 0.6890625 0.46484375 0.025 0.05546875
0 0.4953125 0.478125 0.0171875 0.0546875
0 0.02578125 0.48828125 0.02109375 0.03828125
0 0.5890625 0.525 0.0203125 0.06171875
0 0.690625 0.54140625 0.01875 0.065625
0 0.1359375 0.63125 0.02421875 0.04609375
0 0.24921875 0.6328125 0.02578125 0.05625
0 0.278125 0.71484375 0.0296875 0.0578125