0 0.33515625 0.746875 0.02421875 0.0890625
0 0.30546875 0.76875 0.02265625 0.09140625
0 0.33359375 0.23828125 0.040625 0.06328125
0 0.14921875 0.26484375 0.0234375 0.084375
0 0.57265625 0.42109375 0.028125 0.08671875
0 0.49453125 0.4234375 0.0203125 0.07265625
0 0.51328125 0.4328125 0.02265625 0.07578125
0 0.44921875 0.459375 0.02421875 0.07890625
0 0.475 0.4765625 0.021875 0.0796875
0 0.60703125 0.4796875 0.021875 0.0921875
0 0.515625 0.51171875 0.021875 0.07421875
0 0.56484375 0.51484375 0.02265625 0.07578125
0 0.49609375 0.53515625 0.021875 0.0765625
0 0.4609375 0.5421875 0.02265625 0.084375
0 0.5109375 0.56796875 0.01875 0.08046875
0 0.4125 0.5734375 0.0203125 0.0859375
0 0.0765625 0.63203125 0.03203125 0.084375
0 0.52734375 0.6328125 0.028125 0.08828125
0 0.38125 0.6921875 0.02421875 0.08203125
0 0.40546875 0.7046875 0.01875 0.07734375