0 0.98671875 0.67734375 0.02578125 0.05234375
0 0.28828125 0.76171875 0.02578125 0.04765625
0 0.70390625 0.86796875 0.021875 0.04375
0 0.73125 0.87421875 0.0265625 0.04765625
0 0.1546875 0.8859375 0.0265625 0.04921875
0 0.1359375 0.9 0.02734375 0.05078125
0 0.72890625 0.92265625 0.01796875 0.04609375
0 0.38203125 0.11796875 0.01328125 0.03203125
0 0.5296875 0.1234375 0.02421875 0.0640625
0 0.37734375 0.13671875 0.01953125 0.0484375
0 0.16328125 0.13984375 0.02421875 0.05078125
0 0.6671875 0.1828125 0.02265625 0.06171875
0 0.69609375 0.18515625 0.028125 0.04921875
0 0.178125 0.184375 0.02734375 0.05390625
0 0.98671875 0.19296875 0.02578125 0.05078125
0 0.3625 0.20546875 0.02734375 0.0484375
0 0.3640625 0.2203125 0.02109375 0.0453125
0 0.65078125 0.2328125 0.025 0.05546875
0 0.19296875 0.2625 0.02109375 0.05625
0 0.209375 0.2640625 0.025 0.06171875
0 0.1015625 0.26328125 0.03359375 0.0453125
0 0.8375 0.02890625 0.021875 0.0578125
0 0.95234375 0.34921875 0.01953125 0.04140625
0 0.11328125 0.359375 0.03984375 0.04921875
0 0.9375 0.3671875 0.02734375 0.0453125
0 0.4203125 0.3828125 0.0203125 0.053125
0 0.44375 0.384375 0.02734375 0.06015625
0 0.9484375 0.3984375 0.01953125 0.0515625
0 0.97734375 0.04140625 0.02890625 0.04921875
0 0.07421875 0.4140625 0.03828125 0.03671875
0 0.6328125 0.42421875 0.01796875 0.04140625
0 0.99453125 0.04296875 0.01015625 0.0359375
0 0.30859375 0.4359375 0.01953125 0.03828125
0 0.97421875 0.43671875 0.0359375 0.04609375
0 0.06875 0.43671875 0.02890625 0.05234375
0 0.359375 0.43984375 0.02109375 0.04375
0 0.63984375 0.46015625 0.02421875 0.03984375
0 0.31640625 0.46875 0.021875 0.0390625
0 0.815625 0.4734375 0.0203125 0.05078125
0 0.04375 0.4765625 0.03203125 0.04609375
0 0.68671875 0.48046875 0.03046875 0.05078125
0 0.07265625 0.53671875 0.03828125 0.0484375
0 0.08515625 0.56796875 0.03984375 0.05078125
0 0.040625 0.590625 0.03515625 0.04609375
0 0.5453125 0.6421875 0.0296875 0.05234375
0 0.99453125 0.6453125 0.01015625 0.03203125
0 0.5859375 0.646875 0.028125 0.05390625
0 0.0953125 0.65859375 0.0359375 0.04921875