0 0.3359375 0.6625 0.03046875 0.0953125
0 0.7078125 0.675 0.0265625 0.09296875
0 0.0671875 0.678125 0.0421875 0.0875
0 0.36328125 0.68359375 0.0375 0.0921875
0 0.834375 0.703125 0.05 0.1046875
0 0.65 0.70546875 0.03046875 0.0890625
0 0.35390625 0.721875 0.04921875 0.1
0 0.9484375 0.72734375 0.04453125 0.09375
0 0.66484375 0.7328125 0.0328125 0.0953125
0 0.08125 0.75546875 0.0484375 0.0875
0 0.00703125 0.76328125 0.0140625 0.03671875
0 0.28125 0.771875 0.0296875 0.090625
0 0.83125 0.7796875 0.03203125 0.09375
0 0.1671875 0.78828125 0.02734375 0.084375
0 0.190625 0.0796875 0.02578125 0.0875
0 0.0078125 0.80546875 0.015625 0.040625
0 0.87734375 0.815625 0.0265625 0.08984375
0 0.2015625 0.83203125 0.0421875 0.1
0 0.690625 0.8609375 0.03203125 0.0875
0 0.16796875 0.8734375 0.03671875 0.0921875
0 0.5421875 0.87734375 0.0359375 0.10546875
0 0.15234375 0.90234375 0.034375 0.090625
0 0.6890625 0.93671875 0.05625 0.0953125
0 0.29921875 0.9703125 0.0328125 0.05859375
0 0.2046875 0.98359375 0.03984375 0.0328125
0 0.4703125 0.990625 0.0234375 0.01796875
0 0.38359375 0.0109375 0.01875 0.021875
0 0.17734375 0.11328125 0.034375 0.096875
0 0.50390625 0.01328125 0.0234375 0.02578125
0 0.3984375 0.0171875 0.01875 0.034375
0 0.0265625 0.18125 0.05078125 0.0859375
0 0.2765625 0.01875 0.034375 0.0375
0 0.86015625 0.2296875 0.0359375 0.0765625
0 0.8578125 0.24296875 0.0265625 0.09375
0 0.06015625 0.2671875 0.03515625 0.07734375
0 0.49375 0.31171875 0.03984375 0.0828125
0 0.8453125 0.31875 0.0328125 0.08203125
0 0.35703125 0.03359375 0.0328125 0.0671875
0 0.0109375 0.36328125 0.021875 0.10703125
0 0.76953125 0.3640625 0.040625 0.0921875
0 0.996875 0.3671875 0.00625 0.0640625
0 0.0578125 0.37109375 0.03125 0.08203125
0 0.3875 0.384375 0.0328125 0.084375
0 0.1546875 0.384375 0.04375 0.0875
0 0.515625 0.39609375 0.03828125 0.08046875
0 0.6640625 0.4390625 0.0375 0.0921875
0 0.9203125 0.44453125 0.0296875 0.09453125
0 0.94296875 0.45078125 0.0328125 0.1
0 0.43828125 0.45625 0.0390625 0.0953125
0 0.9546875 0.46171875 0.0234375 0.0890625
0 0.83359375 0.47109375 0.04921875 0.0921875
0 0.00859375 0.478125 0.01640625 0.05703125
0 0.178125 0.47890625 0.0359375 0.09921875
0 0.87109375 0.55390625 0.03359375 0.0953125
0 0.01953125 0.56171875 0.03671875 0.09765625
0 0.82265625 0.571875 0.03203125 0.0921875
0 0.640625 0.5765625 0.02890625 0.0890625
0 0.34296875 0.5921875 0.0453125 0.0609375
0 0.665625 0.6109375 0.02421875 0.09296875
0 0.653125 0.6421875 0.01953125 0.0421875
0 0.096875 0.64453125 0.028125 0.078125