0 0.2015625 0.69140625 0.02421875 0.04453125
0 0.2125 0.72109375 0.0265625 0.03828125
0 0.97109375 0.78515625 0.03984375 0.04140625
0 0.93671875 0.825 0.040625 0.0328125
0 0.99609375 0.8265625 0.0078125 0.01015625
0 0.571875 0.8453125 0.0421875 0.04453125
0 0.3 0.85703125 0.0265625 0.04453125
0 0.2546875 0.87109375 0.02421875 0.03984375
0 0.996875 0.8734375 0.00625 0.0125
0 0.271875 0.87734375 0.02421875 0.0359375
0 0.28515625 0.90390625 0.02265625 0.0390625
0 0.95859375 0.925 0.0421875 0.03671875
0 0.3 0.93359375 0.02265625 0.040625
0 0.48515625 0.9375 0.0359375 0.0359375
0 0.36171875 0.94765625 0.0296875 0.05078125
0 0.70234375 0.95234375 0.0296875 0.04296875
0 0.49140625 0.98125 0.03359375 0.0375
0 0.7140625 0.98671875 0.03359375 0.0265625
0 0.90859375 0.121875 0.0359375 0.053125
0 0.5375 0.15859375 0.0265625 0.05234375
0 0.6328125 0.01953125 0.02265625 0.03828125
0 0.63671875 0.20703125 0.0234375 0.05390625
0 0.80625 0.2109375 0.03046875 0.053125
0 0.94921875 0.228125 0.0359375 0.0546875
0 0.85859375 0.0234375 0.02578125 0.046875
0 0.61796875 0.02578125 0.0203125 0.0421875
0 0.63984375 0.2765625 0.0296875 0.04453125
0 0.59921875 0.02890625 0.0296875 0.0578125
0 0.87109375 0.3421875 0.03359375 0.0546875
0 0.9 0.37421875 0.0296875 0.0484375
0 0.434375 0.0375 0.0203125 0.05234375
0 0.559375 0.396875 0.0328125 0.05703125
0 0.4921875 0.41953125 0.02421875 0.04921875
0 0.2375 0.04453125 0.0203125 0.053125
0 0.22109375 0.0484375 0.0296875 0.059375
0 0.85390625 0.5234375 0.03828125 0.0484375
0 0.4203125 0.0578125 0.03671875 0.06015625