0 0.08828125 0.73515625 0.05234375 0.08359375
0 0.43515625 0.76328125 0.04765625 0.07421875
0 0.9390625 0.10390625 0.03671875 0.09140625
0 0.13046875 0.1234375 0.040625 0.0984375
0 0.46796875 0.26796875 0.0328125 0.07734375
0 0.165625 0.27265625 0.03203125 0.07265625
0 0.540625 0.29375 0.0375 0.0796875
0 0.4484375 0.29453125 0.03046875 0.08984375
0 0.89375 0.29921875 0.0328125 0.04921875
0 0.33515625 0.3046875 0.040625 0.07734375
0 0.12421875 0.30625 0.0375 0.06796875
0 0.61171875 0.30625 0.025 0.06953125
0 0.0125 0.3203125 0.025 0.084375
0 0.1296875 0.3359375 0.0390625 0.084375
0 0.2625 0.33671875 0.0390625 0.06640625
0 0.58515625 0.34140625 0.03828125 0.08125
0 0.88515625 0.34140625 0.0421875 0.07890625
0 0.25 0.371875 0.04140625 0.075
0 0.015625 0.38046875 0.03125 0.046875
0 0.5390625 0.38359375 0.03984375 0.08671875
0 0.9890625 0.39375 0.021875 0.0671875
0 0.571875 0.41328125 0.034375 0.0796875
0 0.92265625 0.41328125 0.03671875 0.071875
0 0.02265625 0.43671875 0.04375 0.0796875
0 0.63203125 0.04375 0.0359375 0.084375
0 0.94375 0.45625 0.0359375 0.07265625
0 0.18671875 0.4671875 0.04296875 0.07890625
0 0.5234375 0.521875 0.0375 0.09921875
0 0.39453125 0.53671875 0.034375 0.084375
0 0.84609375 0.05625 0.040625 0.08359375
0 0.6703125 0.575 0.0484375 0.07890625
0 0.63515625 0.5921875 0.0421875 0.07734375