0 0.615625 0.1015625 0.0375 0.09921875
0 0.64609375 0.10859375 0.03359375 0.09765625
0 0.68359375 0.13515625 0.03671875 0.0953125
0 0.6609375 0.1734375 0.03046875 0.10625
0 0.615625 0.18515625 0.03515625 0.1125
0 0.69765625 0.22890625 0.040625 0.1078125
0 0.259375 0.2625 0.03828125 0.1109375
0 0.19609375 0.284375 0.0359375 0.109375
0 0.7734375 0.284375 0.03984375 0.11328125
0 0.375 0.325 0.03046875 0.10546875
0 0.18828125 0.34921875 0.0421875 0.10859375
0 0.871875 0.3984375 0.040625 0.11953125
0 0.31328125 0.425 0.04140625 0.10546875
0 0.65 0.46328125 0.03984375 0.11875
0 0.7 0.4640625 0.0390625 0.1109375
0 0.77734375 0.540625 0.03984375 0.1375
0 0.7421875 0.625 0.0453125 0.13046875
0 0.61640625 0.6515625 0.0453125 0.134375