0 0.48671875 0.64921875 0.02265625 0.06015625
0 0.50078125 0.69609375 0.0234375 0.05859375
0 0.009375 0.70078125 0.01875 0.0703125
0 0.5453125 0.7203125 0.02421875 0.06484375
0 0.38828125 0.07265625 0.0203125 0.053125
0 0.32578125 0.75390625 0.034375 0.05703125
0 0.55 0.77421875 0.02109375 0.02578125
0 0.525 0.7921875 0.02109375 0.05703125
0 0.37109375 0.79296875 0.025 0.05234375
0 0.0953125 0.7984375 0.02109375 0.0609375
0 0.4671875 0.79921875 0.02265625 0.0625
0 0.07265625 0.8015625 0.02578125 0.06640625
0 0.3765625 0.83671875 0.02109375 0.0546875
0 0.3296875 0.8640625 0.02421875 0.0609375
0 0.47890625 0.86640625 0.0265625 0.0578125
0 0.4234375 0.090625 0.02265625 0.053125
0 0.24296875 0.09375 0.028125 0.05859375
0 0.45390625 0.1015625 0.01640625 0.05703125
0 0.65078125 0.10390625 0.01640625 0.02578125
0 0.321875 0.10703125 0.02734375 0.03359375
0 0.0484375 0.109375 0.02265625 0.0546875
0 0.853125 0.11328125 0.028125 0.0546875
0 0.0234375 0.12578125 0.025 0.05390625
0 0.44375 0.1265625 0.015625 0.03515625
0 0.2921875 0.13125 0.025 0.05546875
0 0.37265625 0.140625 0.01796875 0.05703125
0 0.465625 0.14765625 0.01875 0.05546875
0 0.31484375 0.15 0.0328125 0.05390625
0 0.38359375 0.15234375 0.0203125 0.05625
0 0.74453125 0.15390625 0.02265625 0.04921875
0 0.43359375 0.15546875 0.01640625 0.0578125
0 0.14140625 0.15859375 0.021875 0.05234375
0 0.57421875 0.16328125 0.01953125 0.05078125
0 0.271875 0.16484375 0.02421875 0.05234375
0 0.33984375 0.16640625 0.0171875 0.053125
0 0.65078125 0.16953125 0.02890625 0.03125
0 0.41171875 0.17265625 0.0203125 0.05390625
0 0.1515625 0.178125 0.01953125 0.0546875
0 0.34921875 0.18359375 0.01484375 0.0609375
0 0.4421875 0.18515625 0.0234375 0.0515625
0 0.6234375 0.18515625 0.0140625 0.05625
0 0.384375 0.01875 0.021875 0.0375
0 0.3578125 0.19140625 0.0125 0.06171875
0 0.7390625 0.19453125 0.01484375 0.05703125
0 0.6703125 0.19609375 0.0234375 0.05078125
0 0.71953125 0.19921875 0.0234375 0.05234375
0 0.071875 0.203125 0.03203125 0.05234375
0 0.134375 0.20625 0.02265625 0.0609375
0 0.6453125 0.2078125 0.01875 0.05078125
0 0.38984375 0.234375 0.01875 0.05390625
0 0.5375 0.2515625 0.02421875 0.0609375
0 0.80234375 0.26328125 0.021875 0.06640625
0 0.3953125 0.296875 0.02265625 0.06015625
0 0.43203125 0.31171875 0.021875 0.06015625
0 0.41484375 0.32421875 0.01953125 0.06328125
0 0.3296875 0.0328125 0.01796875 0.0296875
0 0.0140625 0.3390625 0.02109375 0.06015625
0 0.034375 0.346875 0.0203125 0.05859375
0 0.05859375 0.35234375 0.01875 0.05703125
0 0.4734375 0.56015625 0.02421875 0.05625
0 0.4515625 0.56875 0.01796875 0.05703125