0 0.59921875 0.75078125 0.01875 0.0375
0 0.515625 0.771875 0.01953125 0.04140625
0 0.6 0.828125 0.02265625 0.0390625
0 0.534375 0.846875 0.01953125 0.03515625
0 0.55 0.84765625 0.01171875 0.03984375
0 0.6953125 0.859375 0.015625 0.03984375
0 0.48359375 0.86015625 0.02578125 0.04765625
0 0.67734375 0.865625 0.01484375 0.04921875
0 0.5578125 0.86875 0.01640625 0.0375
0 0.51875 0.88359375 0.0171875 0.03515625
0 0.55 0.88515625 0.02109375 0.04453125
0 0.35078125 0.90234375 0.02421875 0.0359375
0 0.446875 0.9171875 0.02109375 0.03203125
0 0.36953125 0.91796875 0.01953125 0.03515625
0 0.49765625 0.21875 0.01640625 0.04609375
0 0.484375 0.21953125 0.01640625 0.03984375
0 0.5109375 0.2796875 0.021875 0.05078125
0 0.48515625 0.29140625 0.01796875 0.04453125
0 0.4890625 0.3703125 0.01796875 0.03359375
0 0.45390625 0.3765625 0.02109375 0.0515625
0 0.50859375 0.38671875 0.0171875 0.04453125
0 0.52265625 0.39296875 0.01640625 0.04765625
0 0.4390625 0.434375 0.02109375 0.0484375
0 0.4546875 0.44609375 0.01953125 0.04453125
0 0.47265625 0.4671875 0.01953125 0.046875
0 0.56328125 0.475 0.021875 0.04609375
0 0.49453125 0.4828125 0.01796875 0.02890625
0 0.55078125 0.490625 0.02421875 0.04765625
0 0.49765625 0.50703125 0.02265625 0.06171875
0 0.5140625 0.54140625 0.0171875 0.04453125
0 0.496875 0.57578125 0.01484375 0.03359375
0 0.47578125 0.57890625 0.01640625 0.04296875
0 0.50625 0.58671875 0.02265625 0.040625
0 0.52890625 0.6328125 0.01953125 0.0390625
0 0.54453125 0.63828125 0.01875 0.03671875
0 0.4421875 0.715625 0.028125 0.0390625
0 0.4515625 0.72109375 0.01796875 0.040625
0 0.54609375 0.73046875 0.021875 0.03828125