0 0.31328125 0.24453125 0.04140625 0.07890625
0 0.9296875 0.28046875 0.04921875 0.08203125
0 0.6625 0.2875 0.05703125 0.06484375
0 0.7265625 0.03046875 0.0375 0.0609375
0 0.859375 0.34609375 0.04765625 0.07109375
0 0.346875 0.41328125 0.0359375 0.05078125
0 0.7515625 0.45625 0.03828125 0.05
0 0.17578125 0.46640625 0.05390625 0.06875
0 0.78828125 0.54375 0.059375 0.06796875
0 0.19296875 0.55390625 0.0609375 0.06640625
0 0.22890625 0.5625 0.06015625 0.05078125
0 0.14921875 0.59140625 0.059375 0.06015625
0 0.63203125 0.65234375 0.0375 0.03828125