0 0.55390625 0.06484375 0.04609375 0.10703125
0 0.471875 0.65390625 0.04375 0.0953125
0 0.21015625 0.67109375 0.05234375 0.08125
0 0.28046875 0.07890625 0.0453125 0.10078125
0 0.38203125 0.81171875 0.03828125 0.08203125
0 0.4140625 0.81953125 0.034375 0.08203125
0 0.2484375 0.85390625 0.05234375 0.08046875
0 0.915625 0.9421875 0.04375 0.071875
0 0.4609375 0.96796875 0.04765625 0.06171875
0 0.2453125 0.09921875 0.034375 0.05390625
0 0.50390625 0.109375 0.03671875 0.09765625
0 0.27109375 0.321875 0.04609375 0.09140625
0 0.35625 0.3703125 0.0484375 0.09375
0 0.53828125 0.375 0.03984375 0.1
0 0.32265625 0.409375 0.04765625 0.0984375
0 0.40546875 0.45625 0.03671875 0.0984375
0 0.371875 0.48984375 0.040625 0.08984375
0 0.290625 0.54453125 0.04375 0.0890625
0 0.34453125 0.553125 0.04296875 0.0890625
0 0.0390625 0.578125 0.05234375 0.09375