0 0.30390625 0.96484375 0.0328125 0.06953125
0 0.26484375 0.9734375 0.04296875 0.053125
0 0.17265625 0.97421875 0.05078125 0.05078125
0 0.21015625 0.9828125 0.0328125 0.034375
0 0.03203125 0.1125 0.0203125 0.03515625
0 0.96328125 0.13984375 0.03671875 0.08359375
0 0.140625 0.01640625 0.021875 0.0328125
0 0.9890625 0.18125 0.021875 0.075
0 0.4109375 0.23046875 0.02578125 0.06796875
0 0.375 0.23359375 0.02734375 0.09375
0 0.32421875 0.2828125 0.02734375 0.08046875
0 0.12421875 0.0296875 0.02578125 0.059375
0 0.2984375 0.3375 0.021875 0.04375
0 0.259375 0.35 0.02421875 0.0390625
0 0.94921875 0.0359375 0.021875 0.06328125
0 0.40078125 0.37265625 0.02734375 0.075
0 0.30859375 0.38203125 0.03046875 0.08359375
0 0.28203125 0.3984375 0.02734375 0.07421875
0 0.2625 0.4015625 0.02734375 0.07109375
0 0.23984375 0.41171875 0.03125 0.07109375
0 0.91171875 0.0546875 0.0296875 0.08671875