0 0.20546875 0.66796875 0.02578125 0.06015625
0 0.36953125 0.72578125 0.025 0.0671875
0 0.2640625 0.74296875 0.0265625 0.0625
0 0.2484375 0.75078125 0.03046875 0.0625
0 0.3140625 0.76640625 0.025 0.05859375
0 0.25703125 0.8140625 0.0265625 0.05546875
0 0.23125 0.8421875 0.03515625 0.08203125
0 0.17578125 0.8484375 0.03046875 0.08984375
0 0.2140625 0.890625 0.0375 0.07109375
0 0.325 0.94453125 0.03671875 0.07578125
0 0.4125 0.11875 0.02421875 0.0703125
0 0.78125 0.12421875 0.02421875 0.05234375
0 0.22421875 0.12421875 0.0296875 0.08046875
0 0.7671875 0.17890625 0.01796875 0.04140625
0 0.05078125 0.2375 0.0328125 0.0875
0 0.78359375 0.2859375 0.02578125 0.0453125
0 0.5328125 0.30390625 0.0296875 0.075
0 0.1953125 0.3234375 0.0265625 0.0796875
0 0.7734375 0.32890625 0.02265625 0.040625
0 0.371875 0.3375 0.021875 0.071875
0 0.95234375 0.03671875 0.025 0.0703125
0 0.8140625 0.40078125 0.0203125 0.06875
0 0.83359375 0.4234375 0.02734375 0.0671875
0 0.240625 0.45 0.034375 0.06640625
0 0.125 0.521875 0.028125 0.0671875
0 0.22890625 0.521875 0.03203125 0.0671875
0 0.140625 0.5390625 0.028125 0.05859375
0 0.32734375 0.57890625 0.02890625 0.0671875
0 0.61328125 0.60546875 0.02734375 0.05546875
0 0.7453125 0.6171875 0.03515625 0.078125
0 0.275 0.6515625 0.0296875 0.0515625