0 0.53359375 0.7390625 0.025 0.0484375
0 0.51171875 0.74765625 0.025 0.07421875
0 0.0265625 0.78359375 0.053125 0.06875
0 0.87265625 0.8078125 0.03984375 0.09140625
0 0.44140625 0.85078125 0.02578125 0.06484375
0 0.7578125 0.86015625 0.03046875 0.08046875
0 0.49140625 0.9875 0.0265625 0.025
0 0.51796875 0.9890625 0.0265625 0.02109375
0 0.5109375 0.1015625 0.03125 0.075
0 0.47734375 0.10546875 0.03359375 0.07578125
0 0.7234375 0.13515625 0.02578125 0.0765625
0 0.58515625 0.1875 0.0296875 0.07421875
0 0.85 0.19375 0.03984375 0.0796875
0 0.38046875 0.2078125 0.0453125 0.06328125
0 0.67109375 0.21171875 0.03046875 0.06796875
0 0.91953125 0.225 0.034375 0.090625
0 0.7765625 0.25078125 0.021875 0.071875
0 0.5453125 0.2578125 0.03203125 0.06484375
0 0.671875 0.328125 0.03046875 0.065625
0 0.57734375 0.35546875 0.03046875 0.07734375
0 0.99375 0.3703125 0.01171875 0.04921875
0 0.30546875 0.375 0.0453125 0.06484375
0 0.515625 0.3921875 0.0234375 0.04453125
0 0.0828125 0.42890625 0.040625 0.05078125
0 0.70078125 0.4296875 0.03046875 0.07734375
0 0.52265625 0.43359375 0.02421875 0.0515625
0 0.478125 0.43515625 0.02890625 0.0421875
0 0.48515625 0.4765625 0.0359375 0.07109375
0 0.19140625 0.47734375 0.03984375 0.07421875
0 0.51875 0.48046875 0.0296875 0.07734375
0 0.54921875 0.48515625 0.02890625 0.065625
0 0.346875 0.490625 0.034375 0.06796875
0 0.646875 0.4953125 0.0265625 0.0703125
0 0.58203125 0.496875 0.0328125 0.065625
0 0.58203125 0.54375 0.03046875 0.0546875
0 0.50703125 0.55625 0.03359375 0.0546875
0 0.4 0.56953125 0.03203125 0.078125
0 0.5453125 0.5703125 0.0296875 0.0703125
0 0.43203125 0.57421875 0.0359375 0.0765625
0 0.57265625 0.57578125 0.03046875 0.0671875
0 0.378125 0.59375 0.03046875 0.0890625
0 0.259375 0.60078125 0.03203125 0.065625
0 0.61875 0.61171875 0.0296875 0.0703125
0 0.51171875 0.6140625 0.03046875 0.059375
0 0.30859375 0.62421875 0.0421875 0.0640625
0 0.65078125 0.66640625 0.02421875 0.05703125
0 0.11796875 0.69140625 0.053125 0.0625
0 0.946875 0.7109375 0.034375 0.07109375
0 0.82734375 0.728125 0.03203125 0.08671875
0 0.85234375 0.73125 0.028125 0.0859375