0 0.3984375 0.08359375 0.02421875 0.06171875
0 0.81171875 0.84375 0.0296875 0.06015625
0 0.78828125 0.85 0.0171875 0.06484375
0 0.7703125 0.86484375 0.02265625 0.0671875
0 0.753125 0.87734375 0.02265625 0.05703125
0 0.7328125 0.08984375 0.01875 0.06328125
0 0.63046875 0.09140625 0.0171875 0.05859375
0 0.66484375 0.9484375 0.025 0.06171875
0 0.63359375 0.95078125 0.021875 0.06171875
0 0.6171875 0.009375 0.0140625 0.01875
0 0.3953125 0.0953125 0.0140625 0.053125
0 0.94140625 0.9890625 0.025 0.02109375
0 0.82578125 0.98984375 0.025 0.0203125
0 0.603125 0.990625 0.0171875 0.01796875
0 0.71796875 0.1 0.01640625 0.0515625
0 0.628125 0.01328125 0.0171875 0.0265625
0 0.76796875 0.14140625 0.02421875 0.065625
0 0.05234375 0.01484375 0.01484375 0.0296875
0 0.86953125 0.15625 0.021875 0.0703125
0 0.88828125 0.16328125 0.02109375 0.06484375
0 0.78125 0.165625 0.025 0.0609375
0 0.090625 0.01953125 0.0265625 0.0390625
0 0.53515625 0.19296875 0.01875 0.06171875
0 0.04921875 0.02109375 0.02265625 0.04140625
0 0.58359375 0.20625 0.0171875 0.05859375
0 0.51875 0.20859375 0.0125 0.06484375
0 0.50859375 0.221875 0.0171875 0.06875
0 0.478125 0.23046875 0.0203125 0.06640625
0 0.3875 0.265625 0.0203125 0.0609375
0 0.54765625 0.271875 0.0171875 0.07109375
0 0.375 0.2734375 0.02109375 0.06328125
0 0.5671875 0.29375 0.0171875 0.06640625
0 0.33046875 0.30859375 0.01953125 0.06484375
0 0.33359375 0.32578125 0.02421875 0.05625
0 0.75 0.40625 0.01953125 0.06171875
0 0.765625 0.40703125 0.02109375 0.065625
0 0.8953125 0.4203125 0.0234375 0.05703125
0 0.878125 0.43203125 0.03203125 0.0578125
0 0.53359375 0.52109375 0.0296875 0.053125
0 0.5734375 0.57109375 0.01953125 0.071875
0 0.75390625 0.5890625 0.02421875 0.05
0 0.646875 0.58984375 0.021875 0.06328125
0 0.5078125 0.590625 0.01640625 0.0625
0 0.5578125 0.59375 0.01640625 0.065625
0 0.7265625 0.59453125 0.02109375 0.0640625
0 0.7703125 0.59921875 0.02265625 0.0671875
0 0.66484375 0.06015625 0.0140625 0.0625
0 0.58828125 0.63359375 0.0171875 0.0546875
0 0.65859375 0.0640625 0.02890625 0.059375
0 0.6328125 0.646875 0.0203125 0.06875
0 0.6109375 0.0671875 0.015625 0.0640625