0 0.5765625 0.07578125 0.02421875 0.05
0 0.390625 0.1125 0.03125 0.10390625
0 0.5859375 0.14453125 0.02734375 0.103125
0 0.21953125 0.1578125 0.03515625 0.10859375
0 0.25 0.17109375 0.02578125 0.11015625
0 0.5234375 0.18671875 0.02734375 0.10859375
0 0.68671875 0.19140625 0.028125 0.09609375
0 0.40703125 0.2015625 0.02890625 0.10703125
0 0.42890625 0.20390625 0.02890625 0.103125
0 0.5 0.2453125 0.0296875 0.109375
0 0.3625 0.24765625 0.02890625 0.10390625
0 0.3328125 0.2515625 0.0359375 0.1109375
0 0.4671875 0.290625 0.0328125 0.11640625
0 0.41171875 0.30234375 0.03359375 0.0984375
0 0.27421875 0.3046875 0.03515625 0.10703125
0 0.3921875 0.3171875 0.040625 0.10078125
0 0.26171875 0.32890625 0.03046875 0.103125
0 0.31796875 0.33203125 0.0421875 0.10703125
0 0.12890625 0.36640625 0.04140625 0.1125