0 0.38828125 0.8234375 0.0265625 0.04140625
0 0.365625 0.82890625 0.0203125 0.0390625
0 0.3140625 0.853125 0.02734375 0.03984375
0 0.35390625 0.15 0.02421875 0.053125
0 0.3390625 0.2453125 0.0203125 0.0390625
0 0.4359375 0.246875 0.0203125 0.03671875
0 0.4875 0.296875 0.021875 0.03125
0 0.46953125 0.3125 0.0171875 0.0328125
0 0.85703125 0.3265625 0.0234375 0.0296875
0 0.76640625 0.32734375 0.025 0.0484375
0 0.8296875 0.3375 0.025 0.02734375
0 0.26171875 0.37265625 0.0359375 0.0328125
0 0.2328125 0.37734375 0.02734375 0.0328125
0 0.415625 0.04140625 0.0203125 0.04140625
0 0.9234375 0.42265625 0.0390625 0.0265625
0 0.91796875 0.4515625 0.034375 0.03125
0 0.02578125 0.4765625 0.03984375 0.0328125
0 0.00859375 0.48515625 0.0171875 0.03125
0 0.0203125 0.53125 0.040625 0.03359375
0 0.4203125 0.57109375 0.021875 0.0484375
0 0.59765625 0.57734375 0.02890625 0.03046875
0 0.6421875 0.59453125 0.01875 0.028125
0 0.57890625 0.59765625 0.0203125 0.03046875
0 0.025 0.60234375 0.02578125 0.04375
0 0.0125 0.603125 0.025 0.053125
0 0.58828125 0.62421875 0.03203125 0.02734375