0 0.48828125 0.74296875 0.03515625 0.07734375
0 0.51015625 0.76015625 0.0328125 0.06953125
0 0.25 0.77109375 0.04140625 0.06640625
0 0.51953125 0.86015625 0.0328125 0.06796875
0 0.4671875 0.86171875 0.03046875 0.07734375
0 0.559375 0.8625 0.03359375 0.07265625
0 0.9046875 0.87578125 0.04765625 0.06796875
0 0.36796875 0.88984375 0.02734375 0.08203125
0 0.5890625 0.90859375 0.0328125 0.06484375
0 0.89375 0.146875 0.0234375 0.07734375
0 0.86953125 0.20859375 0.03671875 0.0734375
0 0.6546875 0.228125 0.0359375 0.06796875
0 0.578125 0.2328125 0.02890625 0.0734375
0 0.9875 0.2359375 0.025 0.06875
0 0.78125 0.246875 0.0359375 0.0734375
0 0.4859375 0.02578125 0.028125 0.0515625
0 0.5484375 0.26328125 0.02734375 0.06875
0 0.13125 0.31015625 0.04609375 0.06796875
0 0.49453125 0.35 0.0265625 0.0671875
0 0.46640625 0.365625 0.03046875 0.07265625
0 0.26484375 0.3765625 0.0484375 0.0703125
0 0.875 0.38125 0.02109375 0.0703125
0 0.38671875 0.38828125 0.03125 0.07109375
0 0.34296875 0.39375 0.0359375 0.0734375
0 0.61484375 0.40625 0.025 0.06640625
0 0.271875 0.4109375 0.0390625 0.05546875
0 0.6265625 0.4265625 0.0296875 0.06953125
0 0.3734375 0.45546875 0.02578125 0.0671875
0 0.78828125 0.46015625 0.02421875 0.07109375
0 0.7625 0.4609375 0.02734375 0.07734375
0 0.54921875 0.4765625 0.04296875 0.06171875
0 0.81640625 0.49140625 0.028125 0.07734375
0 0.39453125 0.50546875 0.03125 0.06875
0 0.3640625 0.5484375 0.03046875 0.0578125
0 0.2875 0.57109375 0.03828125 0.06484375
0 0.0359375 0.58828125 0.04453125 0.059375
0 0.20390625 0.60859375 0.04296875 0.05234375
0 0.353125 0.61953125 0.0296875 0.04296875
0 0.896875 0.64296875 0.04140625 0.059375
0 0.35078125 0.65703125 0.040625 0.06015625
0 0.4140625 0.6625 0.0390625 0.06640625
0 0.0515625 0.68046875 0.04140625 0.06171875