0 0.36796875 0.746875 0.03203125 0.0765625
0 0.5578125 0.76015625 0.03359375 0.07265625
0 0.87265625 0.7609375 0.05546875 0.08671875
0 0.54140625 0.7953125 0.04296875 0.07578125
0 0.73515625 0.8375 0.04296875 0.06484375
0 0.67890625 0.86953125 0.04140625 0.0890625
0 0.15859375 0.87734375 0.03671875 0.08828125
0 0.7359375 0.90234375 0.03671875 0.065625
0 0.5859375 0.128125 0.03203125 0.07734375
0 0.3046875 0.16015625 0.03046875 0.09921875
0 0.64921875 0.24609375 0.03984375 0.07109375
0 0.46328125 0.259375 0.028125 0.08359375
0 0.89453125 0.26328125 0.0375 0.1
0 0.35703125 0.27578125 0.03671875 0.11015625
0 0.61640625 0.28828125 0.040625 0.071875
0 0.3109375 0.32421875 0.046875 0.071875
0 0.665625 0.325 0.02734375 0.07109375
0 0.36328125 0.353125 0.04921875 0.07734375
0 0.30703125 0.365625 0.03671875 0.0703125
0 0.646875 0.36953125 0.05859375 0.07578125
0 0.353125 0.39453125 0.03203125 0.078125
0 0.484375 0.39609375 0.03046875 0.06484375
0 0.21953125 0.41328125 0.03671875 0.07421875
0 0.696875 0.42421875 0.03984375 0.08671875
0 0.29296875 0.42734375 0.0359375 0.09609375
0 0.47109375 0.434375 0.04609375 0.07421875
0 0.853125 0.44453125 0.05625 0.07265625
0 0.18828125 0.4578125 0.04375 0.06953125
0 0.59453125 0.4625 0.03203125 0.06796875
0 0.49453125 0.05 0.03984375 0.1
0 0.5484375 0.49765625 0.04296875 0.0828125
0 0.17734375 0.49921875 0.05078125 0.0796875
0 0.43515625 0.5203125 0.0328125 0.06953125
0 0.553125 0.55078125 0.05078125 0.0703125
0 0.97109375 0.553125 0.05078125 0.06953125
0 0.31015625 0.05625 0.046875 0.08359375
0 0.12734375 0.559375 0.0484375 0.08203125
0 0.15546875 0.6390625 0.046875 0.08515625
0 0.51875 0.6671875 0.04296875 0.0796875