0 0.2765625 0.66640625 0.01640625 0.0203125
0 0.278125 0.6890625 0.01640625 0.040625
0 0.27421875 0.08515625 0.021875 0.0453125
0 0.41171875 0.1109375 0.01484375 0.0453125
0 0.70234375 0.20390625 0.01640625 0.04296875
0 0.684375 0.20546875 0.01484375 0.04375
0 0.6734375 0.2109375 0.01484375 0.04609375
0 0.65 0.21796875 0.01640625 0.0421875
0 0.46484375 0.22578125 0.01328125 0.0359375
0 0.49375 0.25546875 0.01875 0.0453125
0 0.725 0.3125 0.02109375 0.03203125
0 0.25546875 0.3359375 0.01640625 0.0453125
0 0.246875 0.3484375 0.0203125 0.04609375
0 0.7703125 0.48203125 0.0171875 0.04609375
0 0.80078125 0.525 0.01484375 0.0421875
0 0.825 0.5390625 0.0140625 0.04296875
0 0.815625 0.55390625 0.01484375 0.04765625