0 0.359375 0.01171875 0.01484375 0.02265625
0 0.36953125 0.01171875 0.01171875 0.02265625
0 0.37890625 0.0125 0.0078125 0.02421875
0 0.409375 0.12890625 0.02109375 0.06015625
0 0.646875 0.01328125 0.0125 0.0265625
0 0.290625 0.01640625 0.00625 0.0328125
0 0.30234375 0.01640625 0.0140625 0.0328125
0 0.68515625 0.0203125 0.0140625 0.03984375
0 0.2875 0.02109375 0.01875 0.0421875
0 0.5875 0.02265625 0.01484375 0.04453125
0 0.47890625 0.23828125 0.02265625 0.06484375
0 0.70234375 0.025 0.0109375 0.04375
0 0.321875 0.02421875 0.021875 0.0484375
0 0.76328125 0.02578125 0.0140625 0.0515625
0 0.7203125 0.0265625 0.0109375 0.053125
0 0.7125 0.028125 0.0109375 0.04921875
0 0.7546875 0.02734375 0.0109375 0.0546875
0 0.74453125 0.02890625 0.01171875 0.05703125
0 0.77421875 0.02890625 0.015625 0.05703125
0 0.73828125 0.03125 0.009375 0.04765625
0 0.0125 0.33671875 0.025 0.08046875
0 0.73046875 0.0359375 0.01015625 0.04453125
0 0.79921875 0.0359375 0.02109375 0.05546875
0 0.4359375 0.38203125 0.0234375 0.08203125
0 0.6765625 0.3953125 0.02734375 0.0765625
0 0.62265625 0.04375 0.02421875 0.04921875
0 0.78125 0.509375 0.02734375 0.08359375
0 0.2265625 0.525 0.04765625 0.08359375
0 0.33984375 0.5296875 0.02734375 0.09453125
0 0.96953125 0.58984375 0.03515625 0.07890625
0 0.28515625 0.071875 0.028125 0.0546875