0 0.121875 0.73671875 0.02265625 0.05
0 0.3875 0.7421875 0.02109375 0.05390625
0 0.41640625 0.74453125 0.02265625 0.05078125
0 0.371875 0.74609375 0.02578125 0.05078125
0 0.890625 0.07578125 0.01875 0.04609375
0 0.1734375 0.77109375 0.02109375 0.05
0 0.14375 0.078125 0.01484375 0.03984375
0 0.15859375 0.78125 0.025 0.06015625
0 0.36171875 0.803125 0.01953125 0.03125
0 0.14921875 0.80546875 0.02890625 0.05078125
0 0.3421875 0.81171875 0.0234375 0.046875
0 0.33828125 0.83046875 0.02109375 0.03984375
0 0.33203125 0.85 0.021875 0.04296875
0 0.38203125 0.85546875 0.02421875 0.05234375
0 0.459375 0.8609375 0.02421875 0.06328125
0 0.15546875 0.0890625 0.01953125 0.05390625
0 0.646875 0.89296875 0.02265625 0.0421875
0 0.5421875 0.89921875 0.02109375 0.05234375
0 0.22734375 0.90390625 0.02734375 0.0453125
0 0.1828125 0.9046875 0.02578125 0.05078125
0 0.6609375 0.92578125 0.01953125 0.05
0 0.178125 0.09375 0.02109375 0.04609375
0 0.11796875 0.95234375 0.02734375 0.05234375
0 0.15859375 0.959375 0.021875 0.05390625
0 0.671875 0.97265625 0.02265625 0.03828125
0 0.059375 0.97578125 0.02890625 0.04765625
0 0.1328125 0.9875 0.021875 0.025
0 0.0515625 0.9890625 0.0203125 0.021875
0 0.6765625 0.99296875 0.01953125 0.01328125
0 0.13984375 0.1125 0.0109375 0.02578125
0 0.04609375 0.11875 0.021875 0.04140625
0 0.0546875 0.1203125 0.0203125 0.04296875
0 0.12734375 0.12421875 0.01484375 0.03984375
0 0.14765625 0.1328125 0.01875 0.03828125
0 0.15625 0.14140625 0.02265625 0.05
0 0.26640625 0.14453125 0.01328125 0.03984375
0 0.1234375 0.1578125 0.015625 0.03828125
0 0.1140625 0.16015625 0.0140625 0.04609375
0 0.7703125 0.16484375 0.015625 0.05234375
0 0.78515625 0.165625 0.01640625 0.05546875
0 0.0140625 0.16640625 0.01953125 0.04296875
0 0.2828125 0.1671875 0.015625 0.03828125
0 0.203125 0.16953125 0.01640625 0.04140625
0 0.125 0.1796875 0.01484375 0.04453125
0 0.13828125 0.18203125 0.01875 0.04765625
0 0.009375 0.18203125 0.01875 0.04296875
0 0.2625 0.27890625 0.0203125 0.04921875
0 0.24921875 0.28203125 0.01796875 0.04375
0 0.47109375 0.028125 0.01171875 0.0421875
0 0.21484375 0.3359375 0.01953125 0.03984375
0 0.2 0.33984375 0.02109375 0.05078125
0 0.47734375 0.04140625 0.01171875 0.0453125
0 0.978125 0.04296875 0.0140625 0.0484375
0 0.59453125 0.4796875 0.021875 0.03203125
0 0.84296875 0.04921875 0.0171875 0.04921875
0 0.0140625 0.51171875 0.02578125 0.0375
0 0.078125 0.51484375 0.02265625 0.034375
0 0.215625 0.5265625 0.02578125 0.0453125
0 0.01953125 0.5296875 0.02890625 0.04765625
0 0.26953125 0.53359375 0.0265625 0.0421875
0 0.1171875 0.540625 0.01796875 0.04140625
0 0.20078125 0.54453125 0.02265625 0.04609375
0 0.090625 0.546875 0.02265625 0.04609375
0 0.1109375 0.55703125 0.0234375 0.04921875
0 0.13203125 0.55859375 0.025 0.05234375
0 0.5 0.57578125 0.01640625 0.03125
0 0.51171875 0.596875 0.0171875 0.04375
0 0.49375 0.60078125 0.01171875 0.05859375
0 0.52109375 0.60390625 0.0171875 0.046875
0 0.3828125 0.60703125 0.01328125 0.04140625
0 0.5046875 0.61015625 0.01953125 0.04609375
0 0.38515625 0.61796875 0.0203125 0.0546875
0 0.01171875 0.625 0.0234375 0.04375
0 0.471875 0.63359375 0.01953125 0.05390625
0 0.4578125 0.634375 0.015625 0.0484375
0 0.21484375 0.65390625 0.015625 0.02890625
0 0.23125 0.66640625 0.02265625 0.06015625
0 0.2 0.66796875 0.01953125 0.05
0 0.3171875 0.67265625 0.01953125 0.04453125
0 0.2984375 0.6765625 0.01328125 0.0203125
0 0.24453125 0.68046875 0.01953125 0.05859375
0 0.225 0.69375 0.02265625 0.05234375
0 0.25703125 0.70234375 0.02109375 0.05078125
0 0.1171875 0.71328125 0.0203125 0.03125
0 0.6859375 0.12890625 0.01171875 0.0140625
0 0.6984375 0.121875 0.01015625 0.01640625
0 0.68359375 0.11640625 0.0125 0.02890625
0 0.69765625 0.1109375 0.01328125 0.01796875