0 0.27734375 0.66640625 0.01640625 0.0203125
0 0.278125 0.68984375 0.01640625 0.040625
0 0.27421875 0.08515625 0.02109375 0.04453125
0 0.41171875 0.11171875 0.01484375 0.04609375
0 0.703125 0.20390625 0.01640625 0.04296875
0 0.684375 0.20546875 0.01484375 0.04375
0 0.67421875 0.21171875 0.01484375 0.04609375
0 0.65 0.21796875 0.01640625 0.0421875
0 0.46484375 0.225 0.01328125 0.0359375
0 0.49296875 0.25546875 0.01953125 0.04453125
0 0.72578125 0.3125 0.02109375 0.03203125
0 0.2546875 0.33671875 0.01640625 0.04609375
0 0.246875 0.3484375 0.0203125 0.04609375
0 0.7703125 0.4828125 0.0171875 0.04609375
0 0.8 0.525 0.01484375 0.0421875
0 0.825 0.5390625 0.0140625 0.04296875
0 0.815625 0.55390625 0.01484375 0.04765625