0 0.2390625 0.121875 0.025 0.08359375
0 0.50078125 0.1234375 0.0265625 0.0875
0 0.28203125 0.12578125 0.034375 0.07734375
0 0.4609375 0.128125 0.03203125 0.09609375
0 0.88671875 0.16328125 0.0328125 0.07265625
0 0.2203125 0.23046875 0.03515625 0.0640625
0 0.06171875 0.30859375 0.0296875 0.06640625
0 0.05078125 0.33125 0.0296875 0.06484375
0 0.0484375 0.434375 0.0296875 0.0796875
0 0.765625 0.4390625 0.03359375 0.06953125
0 0.78359375 0.48203125 0.0359375 0.0671875
0 0.1 0.5125 0.02890625 0.08359375
0 0.58515625 0.53828125 0.021875 0.0671875
0 0.2890625 0.59296875 0.0328125 0.06015625
0 0.14375 0.6234375 0.03046875 0.07578125
0 0.3703125 0.62890625 0.0296875 0.06640625
0 0.1 0.7828125 0.040625 0.07265625
0 0.94453125 0.78828125 0.0296875 0.0625
0 0.0875 0.815625 0.04453125 0.07734375
0 0.4296875 0.85390625 0.0328125 0.07734375