0 0.55390625 0.06484375 0.04609375 0.10703125
0 0.471875 0.65390625 0.04375 0.0953125
0 0.21015625 0.671875 0.05234375 0.08125
0 0.28046875 0.07890625 0.04453125 0.10078125
0 0.3828125 0.81171875 0.03828125 0.08203125
0 0.4140625 0.81953125 0.03515625 0.08203125
0 0.24921875 0.85390625 0.05234375 0.08046875
0 0.915625 0.9421875 0.04296875 0.071875
0 0.46171875 0.9671875 0.04765625 0.06171875
0 0.2453125 0.09921875 0.03515625 0.05390625
0 0.50390625 0.109375 0.03671875 0.09765625
0 0.27109375 0.321875 0.04609375 0.09140625
0 0.35703125 0.37109375 0.04921875 0.09375
0 0.5375 0.375 0.03984375 0.1
0 0.32265625 0.409375 0.04765625 0.0984375
0 0.40546875 0.45625 0.03671875 0.0984375
0 0.37265625 0.48984375 0.040625 0.08984375
0 0.290625 0.54453125 0.04375 0.0890625
0 0.3453125 0.553125 0.04296875 0.0890625
0 0.03984375 0.57890625 0.05234375 0.09375