0 0.6265625 0.7328125 0.0390625 0.06875
0 0.58984375 0.76796875 0.0453125 0.06484375
0 0.7515625 0.778125 0.0328125 0.07265625
0 0.9140625 0.809375 0.0421875 0.06328125
0 0.6 0.8375 0.03984375 0.06015625
0 0.33984375 0.84609375 0.05703125 0.0890625
0 0.371875 0.84921875 0.02890625 0.0640625
0 0.58671875 0.878125 0.0375 0.06484375
0 0.70703125 0.896875 0.03046875 0.0625
0 0.68125 0.9296875 0.03828125 0.0625
0 0.58984375 0.1296875 0.0265625 0.06875
0 0.84765625 0.1296875 0.04453125 0.084375
0 0.56171875 0.13671875 0.03046875 0.08828125
0 0.2328125 0.1515625 0.02265625 0.0546875
0 0.85546875 0.0234375 0.03984375 0.04453125
0 0.51796875 0.25859375 0.03203125 0.0890625
0 0.496875 0.0265625 0.040625 0.053125
0 0.54296875 0.28046875 0.02734375 0.0890625
0 0.56484375 0.02890625 0.02734375 0.05546875
0 0.021875 0.303125 0.03984375 0.07578125
0 0.434375 0.03125 0.025 0.0625
0 0.77109375 0.31796875 0.03671875 0.06875
0 0.5609375 0.32265625 0.0296875 0.07109375
0 0.271875 0.32265625 0.03515625 0.07265625
0 0.5328125 0.0359375 0.03203125 0.06875
0 0.6265625 0.36875 0.0375 0.0453125
0 0.25234375 0.378125 0.02890625 0.07734375
0 0.396875 0.46484375 0.03046875 0.0890625
0 0.46640625 0.4734375 0.034375 0.08671875
0 0.115625 0.4765625 0.03828125 0.0578125
0 0.2328125 0.49140625 0.028125 0.06640625
0 0.44609375 0.5046875 0.02265625 0.06953125
0 0.65859375 0.525 0.028125 0.0859375
0 0.7421875 0.53984375 0.03203125 0.06796875
0 0.9140625 0.53984375 0.01640625 0.034375
0 0.38671875 0.54296875 0.03828125 0.0671875
0 0.496875 0.54921875 0.03671875 0.0765625
0 0.1515625 0.5671875 0.0453125 0.071875
0 0.44140625 0.56953125 0.02890625 0.0765625
0 0.7390625 0.5734375 0.0328125 0.07265625
0 0.03359375 0.59296875 0.04140625 0.0609375
0 0.41953125 0.6078125 0.02421875 0.0703125
0 0.56015625 0.61484375 0.03203125 0.078125
0 0.50078125 0.6234375 0.0328125 0.0734375
0 0.91328125 0.6390625 0.0328125 0.03671875
0 0.05078125 0.6390625 0.0421875 0.07421875
0 0.55234375 0.6421875 0.02265625 0.078125
0 0.37890625 0.64453125 0.03515625 0.07890625
0 0.48203125 0.65703125 0.025 0.0671875
0 0.58828125 0.0671875 0.025 0.07734375
0 0.5640625 0.071875 0.02265625 0.05078125