0 0.09609375 0.78515625 0.01953125 0.06640625
0 0.365625 0.790625 0.02421875 0.07578125
0 0.528125 0.79140625 0.028125 0.07578125
0 0.49921875 0.79609375 0.021875 0.053125
0 0.08046875 0.7984375 0.02265625 0.0796875
0 0.38359375 0.8 0.0203125 0.0828125
0 0.4625 0.809375 0.0296875 0.071875
0 0.54609375 0.84453125 0.0265625 0.05390625
0 0.24375 0.84765625 0.0234375 0.07109375
0 0.25625 0.08515625 0.01484375 0.0671875
0 0.27421875 0.85390625 0.025 0.0796875
0 0.5203125 0.86015625 0.02578125 0.0671875
0 0.62578125 0.87421875 0.0265625 0.06796875
0 0.6515625 0.875 0.02734375 0.084375
0 0.4671875 0.878125 0.0203125 0.0765625
0 0.45546875 0.8828125 0.0265625 0.0734375
0 0.4921875 0.88515625 0.0296875 0.0859375
0 0.478125 0.94296875 0.025 0.07421875
0 0.4578125 0.9453125 0.02421875 0.071875
0 0.5828125 0.959375 0.0234375 0.06328125
0 0.37578125 0.96484375 0.02109375 0.06875
0 0.3953125 0.965625 0.021875 0.0625
0 0.55 0.9703125 0.02734375 0.059375
0 0.2421875 0.09765625 0.01484375 0.07109375
0 0.3359375 0.1015625 0.021875 0.071875
0 0.21484375 0.10546875 0.01953125 0.06875
0 0.47578125 0.11015625 0.02109375 0.06796875
0 0.4578125 0.11171875 0.01875 0.06640625
0 0.41328125 0.11328125 0.0171875 0.04609375
0 0.23671875 0.1171875 0.01953125 0.08984375
0 0.29375 0.12109375 0.0171875 0.071875
0 0.5328125 0.121875 0.01328125 0.04453125
0 0.5078125 0.12578125 0.021875 0.0703125
0 0.340625 0.01328125 0.00859375 0.0265625
0 0.546875 0.13359375 0.01953125 0.0671875
0 0.325 0.01484375 0.01015625 0.0296875
0 0.334375 0.16484375 0.01875 0.06796875
0 0.3578125 0.16875 0.021875 0.07265625
0 0.6 0.18203125 0.015625 0.0765625
0 0.3421875 0.18203125 0.0140625 0.0546875
0 0.31015625 0.18359375 0.01875 0.0703125
0 0.2953125 0.18671875 0.0171875 0.0734375
0 0.38515625 0.19453125 0.01640625 0.07265625
0 0.36875 0.1953125 0.021875 0.06796875
0 0.63203125 0.0203125 0.0171875 0.03984375
0 0.68828125 0.021875 0.02265625 0.04296875
0 0.615625 0.02265625 0.0171875 0.04453125
0 0.378125 0.02265625 0.01640625 0.0453125
0 0.35078125 0.2328125 0.02265625 0.07734375
0 0.42421875 0.23984375 0.0203125 0.06640625
0 0.44140625 0.24453125 0.021875 0.07109375
0 0.6703125 0.0265625 0.0171875 0.05234375
0 0.27265625 0.02734375 0.01875 0.03984375
0 0.36171875 0.27265625 0.021875 0.0671875
0 0.60078125 0.27421875 0.02265625 0.07890625
0 0.6875 0.2765625 0.0203125 0.07109375
0 0.478125 0.2765625 0.021875 0.07421875
0 0.6234375 0.27890625 0.0234375 0.07890625
0 0.37890625 0.2796875 0.028125 0.0828125
0 0.4984375 0.28203125 0.0171875 0.065625
0 0.30625 0.28515625 0.021875 0.08515625
0 0.66796875 0.28671875 0.021875 0.08125
0 0.4203125 0.3203125 0.021875 0.065625
0 0.39921875 0.32578125 0.01953125 0.0734375
0 0.6390625 0.33125 0.021875 0.0765625
0 0.6546875 0.33671875 0.02265625 0.08125
0 0.3421875 0.33828125 0.025 0.078125
0 0.4546875 0.35859375 0.0171875 0.07734375
0 0.61171875 0.3859375 0.0203125 0.06875
0 0.540625 0.04140625 0.0171875 0.06640625
0 0.36953125 0.0421875 0.01796875 0.07265625
0 0.21796875 0.0453125 0.01875 0.071875
0 0.559375 0.0453125 0.01875 0.07734375
0 0.51953125 0.46484375 0.021875 0.05546875
0 0.278125 0.5203125 0.02421875 0.07578125
0 0.31796875 0.525 0.02265625 0.07578125
0 0.2328125 0.53671875 0.021875 0.08203125
0 0.26484375 0.55390625 0.02421875 0.07421875
0 0.20390625 0.05625 0.0171875 0.06328125
0 0.496875 0.56640625 0.02265625 0.0671875
0 0.09921875 0.56640625 0.02421875 0.0703125
0 0.53671875 0.58671875 0.02265625 0.0671875
0 0.58515625 0.5984375 0.02265625 0.05859375
0 0.13203125 0.61484375 0.02421875 0.08125
0 0.38984375 0.0625 0.0171875 0.071875
0 0.21953125 0.62890625 0.025 0.08671875
0 0.63828125 0.63359375 0.0203125 0.06328125
0 0.30234375 0.06328125 0.0125 0.06640625
0 0.171875 0.6375 0.021875 0.075
0 0.39453125 0.64765625 0.02265625 0.07421875
0 0.415625 0.065625 0.0171875 0.05625
0 0.2796875 0.65546875 0.02578125 0.07734375
0 0.6578125 0.65703125 0.02265625 0.08359375
0 0.2703125 0.0671875 0.01640625 0.06875
0 0.28828125 0.0671875 0.0203125 0.059375
0 0.2625 0.6875 0.0265625 0.06875
0 0.2953125 0.6875 0.02421875 0.07265625
0 0.6296875 0.06875 0.01484375 0.06484375
0 0.5640625 0.70234375 0.021875 0.07421875
0 0.6140625 0.071875 0.01875 0.0609375
0 0.53828125 0.71171875 0.02265625 0.071875
0 0.0984375 0.734375 0.02578125 0.06328125
0 0.64921875 0.73515625 0.02578125 0.06796875
0 0.29921875 0.73671875 0.01875 0.0703125
0 0.28671875 0.74921875 0.02265625 0.0875