0 0.678125 0.946875 0.028125 0.0578125
0 0.46796875 0.10703125 0.03203125 0.046875
0 0.1859375 0.1078125 0.046875 0.0703125
0 0.51015625 0.1296875 0.025 0.046875
0 0.44453125 0.1453125 0.01953125 0.0375
0 0.14765625 0.2234375 0.03984375 0.0546875
0 0.76484375 0.4578125 0.04765625 0.04453125
0 0.7546875 0.48125 0.03828125 0.05703125
0 0.36328125 0.49140625 0.0328125 0.04453125
0 0.35078125 0.534375 0.02734375 0.0671875
0 0.5796875 0.56875 0.03046875 0.0375
0 0.6078125 0.5984375 0.0140625 0.0171875
0 0.090625 0.6171875 0.0265625 0.02265625
0 0.571875 0.61796875 0.0203125 0.03828125
0 0.5890625 0.640625 0.02265625 0.03828125
0 0.08984375 0.6484375 0.0234375 0.02578125
0 0.096875 0.67890625 0.03046875 0.04375
0 0.39609375 0.80390625 0.02578125 0.0515625
0 0.6390625 0.8265625 0.0390625 0.0484375
0 0.4125 0.8328125 0.0234375 0.06171875
0 0.47421875 0.84609375 0.01640625 0.03671875
0 0.44609375 0.84921875 0.0203125 0.04453125
0 0.43046875 0.85234375 0.01875 0.05390625