0 0.16796875 0.671875 0.03203125 0.02734375
0 0.39296875 0.7203125 0.0203125 0.02578125
0 0.33828125 0.7234375 0.01875 0.02890625
0 0.39296875 0.746875 0.01640625 0.025
0 0.51171875 0.746875 0.0125 0.02578125
0 0.34296875 0.7484375 0.01640625 0.02578125
0 0.7921875 0.75078125 0.0375 0.0296875
0 0.44453125 0.753125 0.0140625 0.02578125
0 0.16875 0.76484375 0.03125 0.0296875
0 0.44375 0.7671875 0.01484375 0.01484375
0 0.803125 0.7765625 0.028125 0.03046875
0 0.42734375 0.77734375 0.01796875 0.0296875
0 0.475 0.78125 0.0140625 0.0296875
0 0.40859375 0.78359375 0.0140625 0.03203125
0 0.159375 0.78671875 0.03125 0.02265625
0 0.77890625 0.79453125 0.028125 0.0203125
0 0.821875 0.79765625 0.0265625 0.0234375
0 0.81953125 0.08046875 0.0296875 0.0265625
0 0.41796875 0.8140625 0.015625 0.0296875
0 0.4390625 0.8234375 0.0203125 0.03671875
0 0.40234375 0.82421875 0.0171875 0.03359375
0 0.425 0.840625 0.0125 0.0421875
0 0.29609375 0.8546875 0.021875 0.0421875
0 0.4296875 0.85703125 0.01484375 0.03671875
0 0.284375 0.8625 0.0203125 0.0375
0 0.42421875 0.87265625 0.01015625 0.01953125
0 0.27109375 0.8734375 0.0109375 0.028125
0 0.2953125 0.26484375 0.02421875 0.02734375
0 0.29921875 0.2921875 0.01796875 0.02265625
0 0.32734375 0.340625 0.01953125 0.021875
0 0.32578125 0.5265625 0.0203125 0.03359375
0 0.30703125 0.54375 0.02265625 0.034375
0 0.3515625 0.5828125 0.02578125 0.02578125
0 0.37421875 0.59296875 0.01875 0.02421875