0 0.05625 0.57734375 0.04453125 0.11875
0 0.10390625 0.59765625 0.07890625 0.15703125
0 0.44140625 0.44765625 0.05234375 0.12578125
0 0.5046875 0.45859375 0.04921875 0.13125
0 0.88515625 0.709375 0.05234375 0.15
0 0.92890625 0.71796875 0.0546875 0.13671875
0 0.84375 0.13359375 0.03671875 0.11328125
0 0.7203125 0.2359375 0.0390625 0.11015625
0 0.6546875 0.21015625 0.0296875 0.1078125
0 0.0828125 0.3578125 0.06015625 0.1203125
0 0.42421875 0.165625 0.03515625 0.1125
0 0.30703125 0.278125 0.0421875 0.10546875