0 0.59453125 0.6546875 0.07109375 0.1734375
0 0.51953125 0.4921875 0.07421875 0.14921875
0 0.42578125 0.5015625 0.07890625 0.13828125
0 0.775 0.81796875 0.1125 0.2
0 0.89375 0.82734375 0.1 0.246875
0 0.94375 0.5578125 0.09375 0.18359375
0 0.7515625 0.671875 0.0875 0.17421875
0 0.74296875 0.48046875 0.06015625 0.14765625
0 0.6625 0.5171875 0.04609375 0.1578125
0 0.6171875 0.49453125 0.03984375 0.153125
0 0.684375 0.40546875 0.046875 0.128125
0 0.59609375 0.34296875 0.04609375 0.12890625
0 0.490625 0.33203125 0.0359375 0.11328125
0 0.53671875 0.365625 0.06953125 0.09921875
0 0.53046875 0.29140625 0.04453125 0.07421875
0 0.3625 0.4890625 0.0421875 0.1515625
0 0.32109375 0.4828125 0.05234375 0.15546875
0 0.275 0.5609375 0.0640625 0.13515625
0 0.25078125 0.42578125 0.03359375 0.10859375
0 0.17890625 0.3984375 0.06015625 0.15
0 0.1203125 0.378125 0.05390625 0.11328125
0 0.27578125 0.38671875 0.04765625 0.0859375
0 0.3703125 0.36328125 0.04609375 0.109375
0 0.2421875 0.21171875 0.03359375 0.11015625
0 0.21640625 0.22109375 0.0359375 0.10703125
0 0.0984375 0.20625 0.07734375 0.07890625
0 0.38359375 0.17578125 0.04765625 0.10546875
0 0.4890625 0.1484375 0.05703125 0.08828125
0 0.5421875 0.128125 0.040625 0.09296875
0 0.65546875 0.1140625 0.04453125 0.11875
0 0.75859375 0.075 0.046875 0.09296875
0 0.45234375 0.0609375 0.0421875 0.121875