0 0.14375 0.6828125 0.13828125 0.56328125
0 0.26875 0.65625 0.115625 0.6125
0 0.40703125 0.6859375 0.134375 0.5375
0 0.51796875 0.6796875 0.06484375 0.515625
0 0.60078125 0.65234375 0.075 0.53046875
0 0.66875 0.58359375 0.07421875 0.5265625
0 0.73984375 0.5875 0.05703125 0.45625
0 0.81953125 0.55546875 0.07109375 0.4578125
0 0.9 0.54140625 0.1 0.48359375
0 0.26953125 0.3015625 0.078125 0.19765625
0 0.36171875 0.3609375 0.07421875 0.284375
0 0.44765625 0.37890625 0.06875 0.26484375
0 0.39765625 0.2671875 0.034375 0.128125
0 0.53203125 0.3578125 0.0734375 0.25703125
0 0.62265625 0.3171875 0.08828125 0.19140625
0 0.70234375 0.325 0.0484375 0.14453125
0 0.765625 0.32109375 0.0546875 0.15234375
0 0.840625 0.2828125 0.07421875 0.14375