0 0.36328125 0.83046875 0.03203125 0.1125
0 0.4125 0.94375 0.03359375 0.1125
0 0.5140625 0.896875 0.028125 0.115625
0 0.61484375 0.92890625 0.040625 0.11171875
0 0.6046875 0.82109375 0.02265625 0.1046875
0 0.46640625 0.8609375 0.0328125 0.1140625
0 0.4578125 0.76015625 0.03984375 0.0984375
0 0.5171875 0.78203125 0.046875 0.11796875
0 0.55703125 0.753125 0.04453125 0.11328125
0 0.5984375 0.70390625 0.040625 0.09296875
0 0.47578125 0.67890625 0.059375 0.07890625
0 0.42109375 0.7046875 0.02578125 0.0859375
0 0.41796875 0.6328125 0.04609375 0.0578125
0 0.61875 0.63515625 0.028125 0.0734375
0 0.5640625 0.64921875 0.040625 0.071875
0 0.52890625 0.6640625 0.03046875 0.08984375
0 0.49921875 0.6015625 0.02890625 0.08125
0 0.46875 0.5578125 0.03203125 0.07109375
0 0.3640625 0.34609375 0.028125 0.05859375
0 0.6109375 0.56953125 0.021875 0.0796875
0 0.55859375 0.57421875 0.02578125 0.07734375
0 0.52890625 0.559375 0.02109375 0.0890625
0 0.6265625 0.52421875 0.028125 0.06171875
0 0.5921875 0.503125 0.034375 0.06796875
0 0.5578125 0.51640625 0.0296875 0.05859375
0 0.51875 0.47265625 0.0234375 0.0703125
0 0.5453125 0.49375 0.034375 0.06875
0 0.540625 0.41640625 0.02734375 0.0515625
0 0.8359375 0.2 0.03203125 0.0546875
0 0.78671875 0.20390625 0.02109375 0.04765625
0 0.809375 0.24296875 0.03125 0.040625
0 0.74921875 0.221875 0.03046875 0.046875
0 0.69921875 0.25625 0.04140625 0.04453125
0 0.6703125 0.2640625 0.0265625 0.0390625
0 0.62578125 0.33359375 0.02578125 0.06328125
0 0.603125 0.37890625 0.021875 0.0640625
0 0.66484375 0.396875 0.015625 0.05234375
0 0.6890625 0.3609375 0.025 0.06171875
0 0.71640625 0.31953125 0.034375 0.06484375
0 0.74921875 0.2953125 0.0328125 0.05703125
0 0.640625 0.35625 0.01953125 0.05625
0 0.6328125 0.43359375 0.03515625 0.0375
0 0.646875 0.46953125 0.0296875 0.053125
0 0.58984375 0.4578125 0.0234375 0.0609375
0 0.5671875 0.3890625 0.01640625 0.05546875
0 0.59296875 0.415625 0.0375 0.053125
0 0.6359375 0.40390625 0.02578125 0.04765625