0 0.8109375 0.12890625 0.0328125 0.08046875
0 0.7 0.14609375 0.02734375 0.08984375
0 0.7359375 0.15703125 0.028125 0.09765625
0 0.153125 0.190625 0.0265625 0.0734375
0 0.39140625 0.2171875 0.0328125 0.06953125
0 0.36875 0.228125 0.0375 0.0796875
0 0.1328125 0.2375 0.040625 0.08515625
0 0.34765625 0.2625 0.03046875 0.09375
0 0.421875 0.48125 0.03046875 0.08828125
0 0.83359375 0.04921875 0.02578125 0.08671875
0 0.253125 0.54375 0.03359375 0.08671875
0 0.76328125 0.5625 0.03046875 0.0828125
0 0.09921875 0.6296875 0.03203125 0.08828125
0 0.12890625 0.6296875 0.03515625 0.08828125
0 0.86015625 0.63984375 0.03046875 0.08515625
0 0.1609375 0.640625 0.03515625 0.09375
0 0.65078125 0.7078125 0.02421875 0.08046875
0 0.50625 0.715625 0.0265625 0.07421875
0 0.62890625 0.72421875 0.028125 0.08359375
0 0.4765625 0.72890625 0.03046875 0.09296875
0 0.5203125 0.74140625 0.02578125 0.07890625
0 0.47890625 0.76015625 0.01953125 0.0453125
0 0.3265625 0.78671875 0.02890625 0.06953125
0 0.28984375 0.796875 0.028125 0.08515625
0 0.75234375 0.82421875 0.03359375 0.09375
0 0.7890625 0.82890625 0.02421875 0.10078125
0 0.3125 0.828125 0.04765625 0.07578125
0 0.3203125 0.85546875 0.0484375 0.06484375
0 0.09765625 0.85625 0.028125 0.08046875
0 0.0671875 0.86171875 0.03828125 0.08671875
0 0.71328125 0.86328125 0.03515625 0.0828125