0 0.81328125 0.1203125 0.0515625 0.09765625
0 0.73203125 0.22734375 0.0546875 0.1171875
0 0.30703125 0.246875 0.08203125 0.13515625
0 0.03515625 0.24765625 0.0703125 0.17109375
0 0.41015625 0.2796875 0.08515625 0.09296875
0 0.0859375 0.43046875 0.05703125 0.0921875
0 0.7359375 0.51953125 0.0640625 0.11875
0 0.81953125 0.52890625 0.0734375 0.115625
0 0.25 0.53203125 0.06328125 0.12734375
0 0.0890625 0.56015625 0.09140625 0.12265625
0 0.81953125 0.69609375 0.06875 0.1140625
0 0.81796875 0.815625 0.05703125 0.1125
0 0.62265625 0.87265625 0.059375 0.046875