0 0.72734375 0.26015625 0.04140625 0.10078125
0 0.5625 0.17421875 0.0578125 0.11875
0 0.11875 0.29609375 0.05 0.084375
0 0.02890625 0.42890625 0.04453125 0.0703125
0 0.01640625 0.6421875 0.0328125 0.071875
0 0.0515625 0.64453125 0.028125 0.07265625
0 0.01953125 0.84375 0.03828125 0.090625
0 0.0578125 0.846875 0.03359375 0.0671875
0 0.2375 0.56484375 0.04453125 0.07109375
0 0.22890625 0.7171875 0.04921875 0.08125
0 0.4609375 0.7078125 0.06015625 0.08984375
0 0.9015625 0.05078125 0.05 0.0796875
0 0.93828125 0.0578125 0.03046875 0.0890625
0 0.96328125 0.17109375 0.0421875 0.11015625
0 0.79609375 0.7796875 0.06328125 0.08515625
0 0.98125 0.378125 0.0375 0.075