0 0.6546875 0.12421875 0.04296875 0.12734375
0 0.69453125 0.13046875 0.04140625 0.10859375
0 0.86015625 0.16171875 0.03671875 0.12890625
0 0.73671875 0.165625 0.028125 0.12265625
0 0.91640625 0.17578125 0.03359375 0.11640625
0 0.99375 0.203125 0.0125 0.04375
0 0.98125 0.26796875 0.03359375 0.13828125
0 0.7359375 0.27265625 0.03515625 0.12265625
0 0.29765625 0.27421875 0.04296875 0.09140625
0 0.3859375 0.296875 0.03359375 0.11875
0 0.71015625 0.303125 0.02890625 0.06953125
0 0.353125 0.3078125 0.04375 0.13984375
0 0.54296875 0.35 0.02734375 0.08515625
0 0.21484375 0.35234375 0.03359375 0.05703125
0 0.32890625 0.353125 0.02890625 0.1328125
0 0.23984375 0.35703125 0.0359375 0.11796875
0 0.35703125 0.37421875 0.04375 0.12734375
0 0.9234375 0.38515625 0.02578125 0.06796875
0 0.90546875 0.39375 0.04296875 0.07421875
0 0.48203125 0.41171875 0.03828125 0.14609375
0 0.41875 0.4234375 0.0359375 0.1171875
0 0.52109375 0.43125 0.03671875 0.12734375
0 0.55 0.4421875 0.03359375 0.12578125
0 0.9015625 0.44453125 0.02890625 0.06015625
0 0.88671875 0.46171875 0.03828125 0.07109375
0 0.28125 0.4671875 0.0359375 0.128125
0 0.14921875 0.48203125 0.03828125 0.12734375
0 0.3125 0.484375 0.03125 0.12421875
0 0.8578125 0.48984375 0.04296875 0.05859375
0 0.5765625 0.49453125 0.04140625 0.1625
0 0.421875 0.4953125 0.03359375 0.121875
0 0.60859375 0.51328125 0.03515625 0.13046875
0 0.4515625 0.51328125 0.03828125 0.12421875
0 0.803125 0.51484375 0.0421875 0.04765625
0 0.84921875 0.52265625 0.0546875 0.08046875
0 0.6234375 0.53359375 0.03828125 0.121875
0 0.6671875 0.5515625 0.03984375 0.140625
0 0.80234375 0.553125 0.04609375 0.06953125
0 0.21640625 0.63828125 0.03046875 0.128125
0 0.18359375 0.640625 0.04375 0.12421875
0 0.98984375 0.64609375 0.01953125 0.13984375
0 0.51328125 0.6640625 0.046875 0.1328125
0 0.22109375 0.665625 0.0375 0.1234375
0 0.54765625 0.6796875 0.04765625 0.1328125
0 0.79921875 0.68984375 0.02734375 0.0671875
0 0.90546875 0.0703125 0.03046875 0.11328125
0 0.76015625 0.70859375 0.07265625 0.09453125
0 0.975 0.73046875 0.05 0.09140625
0 0.5875 0.7703125 0.03984375 0.134375
0 0.68515625 0.775 0.0328125 0.07734375
0 0.93515625 0.07890625 0.040625 0.128125
0 0.57421875 0.8015625 0.04609375 0.13203125
0 0.7265625 0.80390625 0.05859375 0.090625
0 0.66875 0.8140625 0.04375 0.06640625
0 0.65546875 0.825 0.04296875 0.0734375
0 0.72265625 0.0828125 0.03671875 0.12265625
0 0.5640625 0.8375 0.04765625 0.13671875
0 0.73125 0.83828125 0.08515625 0.08515625
0 0.6390625 0.8484375 0.0484375 0.06953125
0 0.62734375 0.875 0.04375 0.05234375
0 0.9265625 0.88125 0.0671875 0.06484375
0 0.615625 0.884375 0.05859375 0.05625
0 0.9234375 0.8921875 0.03359375 0.034375