0 0.96640625 0.18359375 0.0609375 0.103125
0 0.41953125 0.3109375 0.04140625 0.09140625
0 0.38046875 0.31875 0.0359375 0.084375
0 0.475 0.321875 0.0421875 0.07265625
0 0.25703125 0.3296875 0.0453125 0.0765625
0 0.3546875 0.378125 0.04453125 0.07734375
0 0.23203125 0.3984375 0.06015625 0.07265625
0 0.0515625 0.40390625 0.0640625 0.08046875
0 0.36328125 0.409375 0.03671875 0.07734375
0 0.18671875 0.41015625 0.04296875 0.078125
0 0.74765625 0.41484375 0.0546875 0.06640625
0 0.49609375 0.45859375 0.05703125 0.071875
0 0.8125 0.46171875 0.04765625 0.0609375
0 0.653125 0.4625 0.0546875 0.05859375
0 0.7453125 0.46640625 0.05546875 0.05625
0 0.07109375 0.46796875 0.0734375 0.06640625
0 0.1890625 0.48203125 0.0421875 0.0734375
0 0.2359375 0.49609375 0.06015625 0.07890625
0 0.6515625 0.51875 0.04921875 0.06328125
0 0.8109375 0.521875 0.0515625 0.06796875
0 0.13515625 0.5375 0.0484375 0.08203125
0 0.08046875 0.5796875 0.04921875 0.08203125
0 0.52109375 0.59375 0.04765625 0.06875
0 0.0390625 0.61171875 0.04296875 0.07890625
0 0.8234375 0.6359375 0.04921875 0.06796875
0 0.67890625 0.64609375 0.06953125 0.04921875
0 0.028125 0.6515625 0.05625 0.04921875
0 0.58515625 0.653125 0.0625 0.06328125
0 0.28359375 0.65546875 0.03984375 0.0875
0 0.3578125 0.66640625 0.04375 0.05234375
0 0.325 0.68359375 0.05703125 0.06171875
0 0.39296875 0.69375 0.03828125 0.06796875
0 0.421875 0.6984375 0.034375 0.06328125
0 0.83125 0.7015625 0.0484375 0.0578125
0 0.3359375 0.7296875 0.05859375 0.06875
0 0.76796875 0.7421875 0.0703125 0.09921875
0 0.3953125 0.759375 0.05546875 0.06796875