0 0.65390625 0.1234375 0.04296875 0.12734375
0 0.69453125 0.1296875 0.04140625 0.1078125
0 0.859375 0.16171875 0.03671875 0.12890625
0 0.73671875 0.165625 0.028125 0.12265625
0 0.91640625 0.175 0.03359375 0.11640625
0 0.99375 0.20234375 0.0125 0.0421875
0 0.98203125 0.26796875 0.034375 0.13828125
0 0.7359375 0.27265625 0.034375 0.12265625
0 0.29765625 0.27421875 0.04296875 0.09140625
0 0.3859375 0.296875 0.034375 0.11875
0 0.709375 0.303125 0.02890625 0.06875
0 0.35234375 0.3078125 0.04375 0.13984375
0 0.5421875 0.35 0.02734375 0.08515625
0 0.2140625 0.3515625 0.034375 0.05703125
0 0.32890625 0.353125 0.0296875 0.1328125
0 0.2390625 0.35703125 0.0359375 0.11796875
0 0.35703125 0.37421875 0.04375 0.12734375
0 0.9234375 0.3859375 0.02578125 0.06796875
0 0.90546875 0.39296875 0.04296875 0.07421875
0 0.48125 0.41171875 0.03828125 0.14609375
0 0.41875 0.42265625 0.0359375 0.1171875
0 0.52109375 0.43046875 0.03671875 0.12734375
0 0.55 0.4421875 0.03359375 0.125
0 0.90234375 0.44453125 0.02890625 0.06015625
0 0.88671875 0.46171875 0.03828125 0.07109375
0 0.28125 0.4671875 0.0359375 0.128125
0 0.15 0.48203125 0.03828125 0.12734375
0 0.3125 0.484375 0.03125 0.12421875
0 0.85859375 0.48984375 0.04296875 0.059375
0 0.5765625 0.49453125 0.04140625 0.1625
0 0.421875 0.4953125 0.03359375 0.121875
0 0.6078125 0.51328125 0.03515625 0.13046875
0 0.4515625 0.51328125 0.03828125 0.12421875
0 0.803125 0.51484375 0.0421875 0.0484375
0 0.84921875 0.52265625 0.0546875 0.08046875
0 0.6234375 0.5328125 0.03828125 0.121875
0 0.66640625 0.55078125 0.03984375 0.140625
0 0.80234375 0.553125 0.04609375 0.06875
0 0.215625 0.63828125 0.0296875 0.128125
0 0.1828125 0.63984375 0.04375 0.12421875
0 0.98984375 0.6453125 0.0203125 0.140625
0 0.5125 0.6640625 0.046875 0.1328125
0 0.2203125 0.665625 0.0375 0.1234375
0 0.54765625 0.68046875 0.04765625 0.1328125
0 0.7984375 0.690625 0.02734375 0.0671875
0 0.9046875 0.0703125 0.0296875 0.11328125
0 0.759375 0.70859375 0.07265625 0.09453125
0 0.975 0.73046875 0.04921875 0.09140625
0 0.5875 0.7703125 0.0390625 0.134375
0 0.68515625 0.77421875 0.0328125 0.07734375
0 0.934375 0.07890625 0.040625 0.128125
0 0.5734375 0.8015625 0.04609375 0.13203125
0 0.72578125 0.80390625 0.05859375 0.090625
0 0.66875 0.8140625 0.04375 0.06640625
0 0.65546875 0.825 0.04296875 0.0734375
0 0.72265625 0.0828125 0.03671875 0.12265625
0 0.5640625 0.83671875 0.04765625 0.1375
0 0.73125 0.83828125 0.08515625 0.08515625
0 0.6390625 0.8484375 0.0484375 0.06875
0 0.62734375 0.87578125 0.04375 0.05234375
0 0.9265625 0.88046875 0.0671875 0.06484375
0 0.615625 0.88359375 0.05859375 0.05625
0 0.92265625 0.8921875 0.034375 0.034375