0 0.30859375 0.1015625 0.03984375 0.0671875
0 0.59921875 0.15234375 0.03984375 0.11875
0 0.62109375 0.2078125 0.03984375 0.09609375
0 0.8953125 0.221875 0.04921875 0.09765625
0 0.94609375 0.28671875 0.06484375 0.05234375
0 0.90625 0.31484375 0.0921875 0.07109375
0 0.8484375 0.325 0.03984375 0.05859375
0 0.34375 0.03359375 0.05 0.0671875
0 0.48984375 0.41015625 0.03671875 0.09140625
0 0.22890625 0.43671875 0.04296875 0.0796875
0 0.54921875 0.44296875 0.06015625 0.1
0 0.18359375 0.44609375 0.05078125 0.05625
0 0.4453125 0.44765625 0.059375 0.08359375
0 0.81953125 0.51640625 0.059375 0.11875
0 0.47421875 0.546875 0.071875 0.08671875
0 0.87265625 0.5515625 0.04609375 0.08671875
0 0.91640625 0.653125 0.09453125 0.05234375
0 0.8375 0.68046875 0.0421875 0.05859375
0 0.34453125 0.0734375 0.04375 0.0609375
0 0.321875 0.8625 0.07890625 0.1046875
0 0.30625 0.89609375 0.08125 0.03359375