0 0.96640625 0.1828125 0.06015625 0.10390625
0 0.41953125 0.31171875 0.04140625 0.09140625
0 0.38046875 0.31953125 0.0359375 0.084375
0 0.475 0.32265625 0.0421875 0.07265625
0 0.25703125 0.3296875 0.0453125 0.07578125
0 0.35546875 0.378125 0.04453125 0.07734375
0 0.23203125 0.3984375 0.06015625 0.07265625
0 0.0515625 0.40390625 0.0640625 0.08046875
0 0.3640625 0.41015625 0.03671875 0.07734375
0 0.1859375 0.4109375 0.04296875 0.078125
0 0.7484375 0.415625 0.0546875 0.06640625
0 0.49609375 0.45859375 0.05703125 0.071875
0 0.8125 0.46171875 0.04765625 0.0609375
0 0.653125 0.4625 0.0546875 0.05859375
0 0.74609375 0.46640625 0.05546875 0.05625
0 0.07109375 0.4671875 0.0734375 0.06640625
0 0.1890625 0.4828125 0.0421875 0.0734375
0 0.2359375 0.49609375 0.06015625 0.07890625
0 0.6515625 0.51953125 0.04921875 0.06328125
0 0.8109375 0.52265625 0.0515625 0.06796875
0 0.134375 0.53671875 0.0484375 0.08203125
0 0.08125 0.5796875 0.04921875 0.08203125
0 0.5203125 0.59375 0.04765625 0.06875
0 0.03984375 0.6125 0.04296875 0.07890625
0 0.8234375 0.63515625 0.04921875 0.06796875
0 0.678125 0.64609375 0.06953125 0.04921875
0 0.028125 0.6515625 0.05625 0.04921875
0 0.58515625 0.65390625 0.0625 0.06328125
0 0.28359375 0.6546875 0.03984375 0.08671875
0 0.35859375 0.665625 0.04375 0.05234375
0 0.325 0.68359375 0.05703125 0.06171875
0 0.39296875 0.69375 0.03828125 0.06796875
0 0.421875 0.69921875 0.03359375 0.06328125
0 0.83125 0.70234375 0.0484375 0.05859375
0 0.3359375 0.73046875 0.05859375 0.06875
0 0.76875 0.7421875 0.07109375 0.09921875
0 0.3953125 0.759375 0.05546875 0.06796875