0 0.81328125 0.1203125 0.0515625 0.09765625
0 0.73125 0.22734375 0.0546875 0.11796875
0 0.30625 0.246875 0.08203125 0.13515625
0 0.03515625 0.246875 0.06953125 0.17109375
0 0.41015625 0.27890625 0.08515625 0.09296875
0 0.0859375 0.43046875 0.05703125 0.0921875
0 0.7359375 0.51953125 0.0640625 0.11875
0 0.81875 0.528125 0.0734375 0.11484375
0 0.24921875 0.53203125 0.06328125 0.12734375
0 0.0890625 0.56015625 0.09140625 0.12265625
0 0.81953125 0.696875 0.06875 0.1140625
0 0.81796875 0.815625 0.05703125 0.11171875
0 0.6234375 0.8734375 0.059375 0.04609375