0 0.3828125 0.23984375 0.025 0.0734375
0 0.3515625 0.278125 0.02265625 0.07421875
0 0.75 0.28515625 0.03125 0.08046875
0 0.640625 0.32578125 0.0328125 0.08671875
0 0.0171875 0.35703125 0.02734375 0.08515625
0 0.75703125 0.38359375 0.03125 0.0828125
0 0.19765625 0.44375 0.0296875 0.10078125
0 0.2421875 0.4671875 0.03125 0.103125
0 0.78671875 0.4859375 0.0265625 0.08046875
0 0.70546875 0.4875 0.0328125 0.0859375
0 0.553125 0.546875 0.02265625 0.0984375
0 0.46171875 0.55859375 0.04140625 0.08359375
0 0.00625 0.575 0.0125 0.06796875
0 0.4625 0.584375 0.034375 0.09140625