0 0.8125 0.18046875 0.0375 0.05390625
0 0.52890625 0.203125 0.034375 0.0546875
0 0.56171875 0.21484375 0.03515625 0.06875
0 0.28046875 0.27109375 0.0390625 0.07265625
0 0.3796875 0.32578125 0.0453125 0.0546875
0 0.39140625 0.32890625 0.02421875 0.046875
0 0.56796875 0.3515625 0.034375 0.05859375
0 0.65703125 0.3828125 0.03359375 0.0671875
0 0.6265625 0.0421875 0.02890625 0.0625
0 0.4984375 0.4234375 0.0421875 0.0703125
0 0.35625 0.44296875 0.040625 0.06015625
0 0.4296875 0.446875 0.0265625 0.05859375
0 0.46015625 0.44921875 0.0359375 0.03671875
0 0.60625 0.4515625 0.03046875 0.05625
0 0.40703125 0.465625 0.02421875 0.03984375
0 0.75703125 0.465625 0.0375 0.06015625
0 0.61953125 0.5453125 0.0265625 0.0625
0 0.58046875 0.55390625 0.028125 0.05625
0 0.68515625 0.59296875 0.034375 0.059375
0 0.6515625 0.61328125 0.0296875 0.05546875
0 0.61953125 0.63828125 0.034375 0.05859375
0 0.54765625 0.6921875 0.03359375 0.05625
0 0.61171875 0.71640625 0.03359375 0.0578125
0 0.43828125 0.7203125 0.03515625 0.04375
0 0.640625 0.7765625 0.034375 0.07109375
0 0.60625 0.7984375 0.03671875 0.05234375
0 0.42890625 0.82109375 0.03984375 0.05625
0 0.53671875 0.83203125 0.03515625 0.0515625
0 0.45703125 0.8328125 0.028125 0.06015625
0 0.378125 0.85390625 0.03203125 0.0578125
0 0.5796875 0.8703125 0.028125 0.0625
0 0.60625 0.87890625 0.025 0.0515625