0 0.25390625 0.3 0.02578125 0.03671875
0 0.26015625 0.3296875 0.02734375 0.04296875
0 0.453125 0.4046875 0.0640625 0.03671875
0 0.44921875 0.4328125 0.03359375 0.03828125
0 0.509375 0.4359375 0.03203125 0.04765625
0 0.53984375 0.45625 0.03359375 0.08046875
0 0.45859375 0.4671875 0.03359375 0.040625
0 0.76328125 0.478125 0.03515625 0.09765625
0 0.48203125 0.47890625 0.02734375 0.04921875
0 0.73828125 0.48125 0.02421875 0.0890625
0 0.57421875 0.71484375 0.05703125 0.040625
0 0.584375 0.7453125 0.06015625 0.034375