0 0.253125 0.29921875 0.02578125 0.0375
0 0.259375 0.32890625 0.02734375 0.04296875
0 0.45234375 0.40390625 0.0640625 0.03671875
0 0.44921875 0.43203125 0.034375 0.03828125
0 0.51015625 0.4359375 0.03203125 0.046875
0 0.5390625 0.45625 0.03359375 0.08046875
0 0.45859375 0.4671875 0.034375 0.040625
0 0.76328125 0.478125 0.03515625 0.0984375
0 0.48203125 0.47890625 0.02734375 0.04921875
0 0.73828125 0.48046875 0.02421875 0.0890625
0 0.57421875 0.7140625 0.05703125 0.040625
0 0.584375 0.74453125 0.0609375 0.034375