0 0.57578125 0.01171875 0.025 0.0234375
0 0.99140625 0.12421875 0.01640625 0.08046875
0 0.73984375 0.28984375 0.0328125 0.07265625
0 0.56875 0.29296875 0.040625 0.071875
0 0.77265625 0.3109375 0.025 0.0703125
0 0.79375 0.31171875 0.02578125 0.0453125
0 0.83203125 0.31640625 0.04609375 0.078125
0 0.63203125 0.32578125 0.0390625 0.0703125
0 0.59921875 0.32578125 0.0265625 0.0578125
0 0.73984375 0.32890625 0.03203125 0.08203125
0 0.775 0.3328125 0.01953125 0.0296875
0 0.15546875 0.34765625 0.01875 0.0734375
0 0.79921875 0.353125 0.025 0.07421875
0 0.83359375 0.36171875 0.0203125 0.06484375
0 0.16328125 0.36796875 0.025 0.0703125
0 0.78046875 0.36953125 0.0203125 0.078125
0 0.82734375 0.37421875 0.01640625 0.0328125
0 0.8125 0.37890625 0.01875 0.0734375
0 0.7796875 0.39453125 0.03203125 0.0765625
0 0.82734375 0.409375 0.02890625 0.0671875
0 0.740625 0.43125 0.025 0.07734375
0 0.75 0.44921875 0.02890625 0.078125
0 0.8734375 0.49296875 0.02421875 0.08046875
0 0.9125 0.49296875 0.03046875 0.07265625
0 0.54609375 0.5015625 0.0296875 0.07890625
0 0.565625 0.5109375 0.0390625 0.0734375
0 0.43671875 0.56953125 0.02890625 0.0796875
0 0.42734375 0.63203125 0.02109375 0.05
0 0.41875 0.64140625 0.03359375 0.07265625
0 0.46953125 0.775 0.03046875 0.08203125
0 0.48671875 0.8 0.02578125 0.07265625