0 0.34921875 0.13359375 0.04140625 0.065625
0 0.48671875 0.146875 0.03203125 0.075
0 0.52734375 0.14921875 0.034375 0.05390625
0 0.13359375 0.015625 0.03515625 0.03125
0 0.4671875 0.17265625 0.04296875 0.05234375
0 0.5328125 0.18046875 0.0203125 0.0375
0 0.3515625 0.1890625 0.0296875 0.06640625
0 0.01796875 0.1921875 0.03515625 0.059375
0 0.32265625 0.19453125 0.0296875 0.06328125
0 0.52578125 0.21640625 0.03828125 0.06875
0 0.184375 0.021875 0.04140625 0.04375
0 0.26328125 0.21796875 0.0375 0.0671875
0 0.47890625 0.21953125 0.034375 0.0484375
0 0.58515625 0.22109375 0.0359375 0.05078125
0 0.62109375 0.22265625 0.0296875 0.0375
0 0.38984375 0.22578125 0.03828125 0.0703125
0 0.49765625 0.234375 0.0296875 0.04375
0 0.05625 0.23671875 0.03828125 0.0671875
0 0.33125 0.2390625 0.0328125 0.08046875
0 0.4046875 0.25234375 0.03984375 0.04140625
0 0.6203125 0.26171875 0.034375 0.0453125
0 0.58828125 0.2703125 0.0421875 0.04609375
0 0.37734375 0.28671875 0.034375 0.05546875
0 0.034375 0.29140625 0.04921875 0.0671875
0 0.02265625 0.3203125 0.04453125 0.0625
0 0.5625 0.32421875 0.03828125 0.0765625
0 0.18046875 0.3359375 0.03828125 0.0515625
0 0.5203125 0.33984375 0.02734375 0.046875
0 0.2703125 0.034375 0.04140625 0.06015625
0 0.63359375 0.35078125 0.03125 0.05234375
0 0.4359375 0.3609375 0.03359375 0.06171875
0 0.56171875 0.3609375 0.03203125 0.0453125
0 0.1296875 0.3640625 0.02890625 0.05703125
0 0.6671875 0.37578125 0.034375 0.08515625
0 0.53828125 0.37890625 0.021875 0.0734375
0 0.35625 0.3796875 0.0484375 0.0671875
0 0.12421875 0.0390625 0.04140625 0.05625
0 0.03671875 0.390625 0.06171875 0.07109375
0 0.209375 0.390625 0.040625 0.084375
0 0.49375 0.3953125 0.04765625 0.0671875
0 0.6015625 0.40703125 0.0453125 0.0578125
0 0.1703125 0.41796875 0.0359375 0.06796875
0 0.4 0.43359375 0.0515625 0.06875
0 0.0546875 0.4453125 0.0328125 0.06484375
0 0.0125 0.44921875 0.025 0.06796875
0 0.1640625 0.04921875 0.0421875 0.08828125
0 0.5515625 0.49765625 0.04375 0.0703125
0 0.2203125 0.05078125 0.05 0.06171875
0 0.05078125 0.528125 0.04375 0.0734375
0 0.02265625 0.54609375 0.03671875 0.0578125
0 0.2625 0.56015625 0.034375 0.06328125
0 0.31484375 0.5625 0.04453125 0.0734375
0 0.25546875 0.5984375 0.059375 0.10234375
0 0.50234375 0.603125 0.04296875 0.07265625
0 0.31015625 0.62421875 0.05078125 0.05
0 0.5609375 0.6359375 0.04921875 0.0625
0 0.528125 0.66015625 0.04375 0.0890625
0 0.46015625 0.76015625 0.06171875 0.06328125
0 0.34765625 0.79765625 0.05703125 0.04609375
0 0.2953125 0.80703125 0.0578125 0.05390625
0 0.14453125 0.80859375 0.03671875 0.05625
0 0.31171875 0.084375 0.03203125 0.0546875
0 0.1890625 0.8453125 0.0546875 0.06328125
0 0.15 0.878125 0.0625 0.06171875
0 0.34296875 0.88515625 0.0328125 0.0484375
0 0.57734375 0.89453125 0.025 0.0296875
0 0.29765625 0.90234375 0.04140625 0.015625