0 0.50390625 0.0125 0.021875 0.025
0 0.39765625 0.16640625 0.0265625 0.06484375
0 0.290625 0.0203125 0.02578125 0.040625
0 0.40859375 0.21171875 0.02890625 0.1015625
0 0.80546875 0.2125 0.0296875 0.09609375
0 0.775 0.2296875 0.034375 0.03828125
0 0.35234375 0.2359375 0.03984375 0.103125
0 0.5265625 0.0265625 0.02578125 0.05234375
0 0.08828125 0.29375 0.02421875 0.06015625
0 0.56796875 0.03125 0.025 0.0625
0 0.08046875 0.3171875 0.040625 0.11328125
0 0.10703125 0.325 0.025 0.1046875
0 0.2265625 0.328125 0.0296875 0.109375
0 0.3375 0.03359375 0.02890625 0.0671875
0 0.44765625 0.03515625 0.04609375 0.06953125
0 0.5421875 0.0359375 0.0359375 0.06953125
0 0.20703125 0.38046875 0.03515625 0.10546875
0 0.165625 0.38359375 0.03203125 0.1
0 0.278125 0.4140625 0.03671875 0.1046875
0 0.53125 0.4671875 0.034375 0.0859375
0 0.1578125 0.471875 0.03359375 0.103125
0 0.2921875 0.48203125 0.03828125 0.09921875
0 0.3359375 0.0484375 0.04453125 0.08828125
0 0.3375 0.48984375 0.02890625 0.09765625
0 0.49609375 0.50703125 0.03203125 0.1015625
0 0.5203125 0.51015625 0.0296875 0.0984375
0 0.23125 0.5484375 0.03125 0.10390625
0 0.2015625 0.55390625 0.0328125 0.103125
0 0.27265625 0.6109375 0.034375 0.07578125
0 0.16171875 0.659375 0.03359375 0.10390625
0 0.2390625 0.6765625 0.0359375 0.1046875
0 0.27578125 0.68359375 0.0390625 0.11171875
0 0.3421875 0.06875 0.02890625 0.1
0 0.35 0.6921875 0.04609375 0.1015625
0 0.13984375 0.6953125 0.04609375 0.1140625
0 0.37890625 0.725 0.03125 0.10390625
0 0.55390625 0.7265625 0.0359375 0.1171875
0 0.2640625 0.0734375 0.0546875 0.06171875
0 0.6390625 0.74375 0.03828125 0.10625
0 0.53984375 0.77421875 0.03671875 0.103125
0 0.24453125 0.79140625 0.0390625 0.1109375
0 0.11328125 0.8625 0.0421875 0.09609375
0 0.078125 0.0875 0.04296875 0.09609375
0 0.6125 0.88203125 0.0296875 0.05703125