0 0.97578125 0.27109375 0.0484375 0.1109375
0 0.39765625 0.29140625 0.02109375 0.07734375
0 0.36796875 0.31640625 0.01796875 0.0734375
0 0.61796875 0.34921875 0.0234375 0.08828125
0 0.8203125 0.36875 0.025 0.08359375
0 0.8046875 0.38359375 0.0296875 0.0734375
0 0.11640625 0.4546875 0.01796875 0.0921875
0 0.165625 0.50390625 0.028125 0.09140625
0 0.66875 0.521875 0.021875 0.08046875
0 0.61640625 0.54296875 0.02578125 0.078125
0 0.41171875 0.58671875 0.025 0.09140625
0 0.31953125 0.61875 0.02578125 0.08828125
0 0.3046875 0.6625 0.03046875 0.08515625