0 0.63828125 0.09296875 0.07890625 0.0609375
0 0.21796875 0.09609375 0.02578125 0.06953125
0 0.24453125 0.11484375 0.04140625 0.06328125
0 0.90546875 0.15390625 0.03828125 0.06640625
0 0.39375 0.015625 0.02890625 0.03046875
0 0.2203125 0.01875 0.02890625 0.03671875
0 0.36484375 0.01875 0.02578125 0.03671875
0 0.91171875 0.21875 0.02265625 0.05625
0 0.36953125 0.24609375 0.02890625 0.08203125
0 0.37421875 0.33359375 0.05 0.1
0 0.63359375 0.34140625 0.04453125 0.10625
0 0.6484375 0.3453125 0.03515625 0.05234375
0 0.2203125 0.0375 0.02421875 0.0546875
0 0.93359375 0.43828125 0.03984375 0.07421875
0 0.28203125 0.44453125 0.02421875 0.05
0 0.26953125 0.04453125 0.02421875 0.06484375
0 0.89375 0.46015625 0.0421875 0.09140625
0 0.5171875 0.4671875 0.03046875 0.06640625
0 0.9296875 0.47421875 0.0328125 0.06953125
0 0.55234375 0.47734375 0.02578125 0.07734375
0 0.65625 0.0515625 0.0375 0.0515625
0 0.7 0.5234375 0.03984375 0.04609375
0 0.01171875 0.54375 0.0234375 0.040625
0 0.88046875 0.55625 0.02421875 0.04765625
0 0.85546875 0.5578125 0.03984375 0.07578125
0 0.69765625 0.5609375 0.04140625 0.04453125
0 0.6703125 0.5640625 0.0453125 0.06171875
0 0.0109375 0.5765625 0.021875 0.03984375
0 0.23359375 0.5828125 0.0546875 0.0828125
0 0.9671875 0.6265625 0.03984375 0.078125
0 0.01171875 0.06484375 0.02265625 0.08515625
0 0.4484375 0.646875 0.05703125 0.07109375
0 0.95390625 0.65 0.02109375 0.04453125
0 0.49296875 0.6515625 0.03984375 0.065625
0 0.17265625 0.7046875 0.03359375 0.04609375
0 0.1484375 0.7234375 0.040625 0.0828125
0 0.1140625 0.7359375 0.03984375 0.09765625
0 0.29765625 0.753125 0.03515625 0.04140625
0 0.97578125 0.765625 0.03515625 0.08828125
0 0.94453125 0.77421875 0.04765625 0.09140625
0 0.26640625 0.78125 0.03515625 0.0671875
0 0.31171875 0.80234375 0.03828125 0.05
0 0.26953125 0.859375 0.04765625 0.05859375
0 0.36328125 0.89765625 0.0265625 0.0265625
0 0.3890625 0.9 0.02890625 0.02265625