0 0.76015625 0.11328125 0.0640625 0.08515625
0 0.69140625 0.12109375 0.06171875 0.08359375
0 0.61953125 0.121875 0.04296875 0.09921875
0 0.596875 0.1265625 0.03828125 0.09609375
0 0.52109375 0.13515625 0.03203125 0.07890625
0 0.1984375 0.1375 0.0640625 0.05390625
0 0.38828125 0.171875 0.04296875 0.10078125
0 0.64375 0.1875 0.0453125 0.07421875
0 0.55078125 0.1890625 0.04140625 0.08203125
0 0.21875 0.19375 0.0625 0.0796875
0 0.290625 0.2140625 0.0546875 0.07890625
0 0.33984375 0.21953125 0.05546875 0.06796875
0 0.5 0.2203125 0.03515625 0.07578125
0 0.975 0.24140625 0.05 0.06875
0 0.725 0.24375 0.0421875 0.06640625
0 0.43203125 0.24609375 0.0515625 0.07109375
0 0.60390625 0.2484375 0.0453125 0.071875
0 0.759375 0.25234375 0.05859375 0.06171875
0 0.56953125 0.2609375 0.02890625 0.06796875
0 0.346875 0.0265625 0.0234375 0.053125
0 0.3734375 0.26796875 0.04921875 0.05234375
0 0.434375 0.26953125 0.04296875 0.05703125
0 0.6625 0.2734375 0.0484375 0.07421875
0 0.4765625 0.278125 0.03984375 0.06640625
0 0.51171875 0.278125 0.03359375 0.06875
0 0.8078125 0.28671875 0.0640625 0.071875
0 0.69453125 0.296875 0.04453125 0.09453125
0 0.29609375 0.29765625 0.0484375 0.0625
0 0.3265625 0.3 0.0453125 0.0828125
0 0.54609375 0.31015625 0.03984375 0.07421875
0 0.38984375 0.31015625 0.03984375 0.05859375
0 0.26484375 0.315625 0.0484375 0.0625
0 0.4546875 0.31953125 0.046875 0.05390625
0 0.74453125 0.32421875 0.0625 0.065625
0 0.9734375 0.32890625 0.05234375 0.053125
0 0.91015625 0.34296875 0.08828125 0.053125
0 0.43125 0.3484375 0.0359375 0.07421875
0 0.7671875 0.3515625 0.05703125 0.046875
0 0.65234375 0.0359375 0.04609375 0.071875
0 0.265625 0.03671875 0.04609375 0.07265625
0 0.2953125 0.365625 0.04765625 0.06640625
0 0.78359375 0.36953125 0.05234375 0.0625
0 0.940625 0.371875 0.07109375 0.07890625
0 0.25859375 0.3765625 0.046875 0.06328125
0 0.69296875 0.38359375 0.04765625 0.053125
0 0.38984375 0.3859375 0.03828125 0.05546875
0 0.72890625 0.39453125 0.046875 0.05859375
0 0.39296875 0.409375 0.02421875 0.02890625
0 0.48046875 0.4125 0.04609375 0.07578125
0 0.1921875 0.41484375 0.0640625 0.06875
0 0.24765625 0.4234375 0.05703125 0.05703125
0 0.7765625 0.42734375 0.071875 0.05625
0 0.8203125 0.42890625 0.0515625 0.05703125
0 0.840625 0.43984375 0.0546875 0.05078125
0 0.3609375 0.4453125 0.03828125 0.06796875
0 0.29140625 0.45703125 0.04765625 0.053125
0 0.428125 0.459375 0.05 0.06640625
0 0.9921875 0.4734375 0.015625 0.028125
0 0.221875 0.48125 0.06796875 0.06015625
0 0.3703125 0.5125 0.04765625 0.05625
0 0.059375 0.515625 0.0359375 0.03828125
0 0.28046875 0.51796875 0.0546875 0.05703125
0 0.10703125 0.52109375 0.07421875 0.05859375
0 0.18046875 0.52734375 0.08046875 0.04921875
0 0.05546875 0.52890625 0.06015625 0.06328125
0 0.01875 0.53046875 0.0375 0.05390625
0 0.24609375 0.5375 0.05234375 0.05859375
0 0.15390625 0.55859375 0.0640625 0.04765625
0 0.35 0.56015625 0.0625 0.046875
0 0.5171875 0.56015625 0.04296875 0.06796875
0 0.55234375 0.05703125 0.046875 0.09140625
0 0.25625 0.578125 0.03984375 0.03671875
0 0.315625 0.578125 0.03828125 0.0359375
0 0.209375 0.5875 0.06640625 0.05625
0 0.0796875 0.59921875 0.0671875 0.053125
0 0.296875 0.6125 0.02890625 0.03984375
0 0.065625 0.62578125 0.07890625 0.05625
0 0.2765625 0.6359375 0.03828125 0.0359375
0 0.165625 0.65625 0.0515625 0.03984375
0 0.984375 0.6640625 0.03125 0.0375
0 0.0359375 0.67109375 0.06953125 0.0421875
0 0.0375 0.71015625 0.075 0.059375
0 0.03984375 0.75234375 0.0796875 0.0765625
0 0.546875 0.8 0.05625 0.0765625
0 0.03828125 0.80390625 0.07578125 0.07421875
0 0.0125 0.86796875 0.025 0.040625
0 0.03359375 0.8765625 0.06640625 0.0421875
0 0.06484375 0.88125 0.05625 0.02578125