0 0.23515625 0.8546875 0.06953125 0.0828125
0 0.1875 0.89453125 0.06015625 0.07265625
0 0.57109375 0.91328125 0.04609375 0.03828125
0 0.51015625 0.91328125 0.04921875 0.03359375
0 0.03671875 0.23828125 0.0734375 0.1171875
0 0.02109375 0.29375 0.0421875 0.071875
0 0.88203125 0.396875 0.05234375 0.13125
0 0.81953125 0.4109375 0.06484375 0.12890625
0 0.6125 0.42890625 0.04765625 0.09453125
0 0.21796875 0.46171875 0.06015625 0.1296875
0 0.15 0.49453125 0.10703125 0.1375
0 0.42734375 0.65390625 0.05 0.10703125
0 0.37890625 0.67734375 0.04921875 0.10859375
0 0.9671875 0.7015625 0.065625 0.08203125