0 0.234375 0.85546875 0.0703125 0.0828125
0 0.18671875 0.89375 0.06015625 0.071875
0 0.5703125 0.9125 0.0453125 0.0390625
0 0.509375 0.91328125 0.04921875 0.03359375
0 0.03671875 0.2390625 0.0734375 0.11640625
0 0.02109375 0.29453125 0.0421875 0.071875
0 0.88203125 0.396875 0.0515625 0.13125
0 0.81953125 0.4109375 0.0640625 0.12890625
0 0.6125 0.428125 0.04765625 0.09453125
0 0.2171875 0.4609375 0.0609375 0.1296875
0 0.15 0.49453125 0.10703125 0.1375
0 0.4265625 0.653125 0.05 0.10703125
0 0.37890625 0.67734375 0.04921875 0.10859375
0 0.9671875 0.7015625 0.06484375 0.08203125